sz 798  nrows 399 ncols 2 nd 2
#test_case1 level - descend for 2 mins - level off 
#flight phase starts at 0 --> -1 in 2 min hold 5 mins slew from -1 to 0 in 2 mins
# alt 20000 level 180s descend 120s rate 2000 level 500s  
#col_headings Tim Alt DB  FP 
2.000000 20000.000000 0.000000 0.000000 
4.000000 15974.000000 0.000000 0.000000 
6.000000 20000.000000 0.000000 0.000000 
8.000000 20000.000000 0.000000 0.000000 
18.000000 20000.000000 0.000000 0.000000 
22.000000 20000.000000 0.000000 0.000000 
26.000000 20000.000000 0.000000 0.000000 
30.000000 20000.000000 0.000000 0.000000 
34.000000 20000.000000 0.000000 0.000000 
38.000000 20000.000000 0.000000 0.000000 
42.000000 20000.000000 0.000000 0.000000 
46.000000 20000.000000 0.000000 0.000000 
50.000000 20000.000000 0.000000 0.000000 
54.000000 20000.000000 0.000000 0.000000 
58.000000 20000.000000 0.000000 0.000000 
62.000000 20000.000000 0.000000 0.000000 
66.000000 20000.000000 0.000000 0.000000 
70.000000 20000.000000 0.000000 0.000000 
74.000000 20000.000000 0.000000 0.000000 
78.000000 20000.000000 0.000000 0.000000 
82.000000 20000.000000 0.000000 0.000000 
86.000000 20000.000000 0.000000 0.000000 
90.000000 20000.000000 0.000000 0.000000 
94.000000 20000.000000 0.000000 0.000000 
98.000000 20000.000000 0.000000 0.000000 
102.000000 20000.000000 0.000000 0.000000 
106.000000 20000.000000 0.000000 0.000000 
110.000000 20000.000000 0.000000 0.000000 
114.000000 20000.000000 0.000000 0.000000 
118.000000 20000.000000 0.000000 0.000000 
122.000000 20000.000000 0.000000 0.000000 
126.000000 20000.000000 0.000000 0.000000 
130.000000 20000.000000 0.000000 0.000000 
134.000000 20000.000000 0.000000 0.000000 
138.000000 20000.000000 0.000000 0.000000 
142.000000 20000.000000 0.000000 0.000000 
146.000000 20000.000000 0.000000 0.000000 
150.000000 20000.000000 0.000000 0.000000 
154.000000 20000.000000 0.000000 0.000000 
158.000000 20000.000000 0.000000 0.000000 
162.000000 20000.000000 0.000000 0.000000 
166.000000 20000.000000 0.000000 0.000000 
170.000000 20000.000000 0.000000 0.000000 
174.000000 20000.000000 0.000000 0.000000 
178.000000 20000.000000 0.000000 0.000000 
182.000000 19934.000000 -100.000000 0.000000 
186.000000 19802.000000 -100.000000 0.000000 
190.000000 19670.000000 -100.000000 -0.066667 
194.000000 19538.000000 -100.000000 -0.133333 
198.000000 19406.000000 -100.000000 -0.200000 
202.000000 19274.000000 -100.000000 -0.266667 
206.000000 19142.000000 -100.000000 -0.333333 
210.000000 19010.000000 -100.000000 -0.400000 
214.000000 18878.000000 -100.000000 -0.466667 
218.000000 18746.000000 -100.000000 -0.533333 
222.000000 18614.000000 -100.000000 -0.600000 
226.000000 18482.000000 -100.000000 -0.666667 
230.000000 18350.000000 -100.000000 -0.733333 
234.000000 18218.000000 -100.000000 -0.800000 
238.000000 18086.000000 -100.000000 -0.866667 
242.000000 17954.000000 -100.000000 -0.933333 
246.000000 17822.000000 -100.000000 -1.000000 
250.000000 17690.000000 -100.000000 -1.000000 
254.000000 17558.000000 -100.000000 -1.000000 
258.000000 17426.000000 -100.000000 -1.000000 
262.000000 17294.000000 -100.000000 -1.000000 
266.000000 17162.000000 -100.000000 -1.000000 
270.000000 17030.000000 -100.000000 -1.000000 
274.000000 16898.000000 -100.000000 -1.000000 
278.000000 16766.000000 -100.000000 -1.000000 
282.000000 16634.000000 -100.000000 -1.000000 
286.000000 16502.000000 -100.000000 -1.000000 
290.000000 16370.000000 -100.000000 -1.000000 
294.000000 16238.000000 -100.000000 -1.000000 
298.000000 16106.000000 -100.000000 -1.000000 
302.000000 15974.000000 -100.000000 -1.000000 
306.000000 15974.000000 0.000000 -1.000000 
310.000000 15974.000000 0.000000 -1.000000 
314.000000 15974.000000 0.000000 -1.000000 
318.000000 15974.000000 0.000000 -1.000000 
322.000000 15974.000000 0.000000 -1.000000 
326.000000 15974.000000 0.000000 -1.000000 
330.000000 15974.000000 0.000000 -1.000000 
334.000000 15974.000000 0.000000 -1.000000 
338.000000 15974.000000 0.000000 -1.000000 
342.000000 15974.000000 0.000000 -1.000000 
346.000000 15974.000000 0.000000 -1.000000 
350.000000 15974.000000 0.000000 -1.000000 
354.000000 15974.000000 0.000000 -1.000000 
358.000000 15974.000000 0.000000 -1.000000 
362.000000 15974.000000 0.000000 -1.000000 
366.000000 15974.000000 0.000000 -1.000000 
370.000000 15974.000000 0.000000 -1.000000 
374.000000 15974.000000 0.000000 -1.000000 
378.000000 15974.000000 0.000000 -1.000000 
382.000000 15974.000000 0.000000 -1.000000 
386.000000 15974.000000 0.000000 -1.000000 
390.000000 15974.000000 0.000000 -1.000000 
394.000000 15974.000000 0.000000 -1.000000 
398.000000 15974.000000 0.000000 -1.000000 
402.000000 15974.000000 0.000000 -1.000000 
406.000000 15974.000000 0.000000 -1.000000 
410.000000 15974.000000 0.000000 -1.000000 
414.000000 15974.000000 0.000000 -1.000000 
418.000000 15974.000000 0.000000 -1.000000 
422.000000 15974.000000 0.000000 -1.000000 
426.000000 15974.000000 0.000000 -1.000000 
430.000000 15974.000000 0.000000 -1.000000 
434.000000 15974.000000 0.000000 -1.000000 
438.000000 15974.000000 0.000000 -1.000000 
442.000000 15974.000000 0.000000 -1.000000 
446.000000 15974.000000 0.000000 -1.000000 
450.000000 15974.000000 0.000000 -1.000000 
454.000000 15974.000000 0.000000 -1.000000 
458.000000 15974.000000 0.000000 -1.000000 
462.000000 15974.000000 0.000000 -1.000000 
466.000000 15974.000000 0.000000 -1.000000 
470.000000 15974.000000 0.000000 -1.000000 
474.000000 15974.000000 0.000000 -1.000000 
478.000000 15974.000000 0.000000 -1.000000 
482.000000 15974.000000 0.000000 -1.000000 
486.000000 15974.000000 0.000000 -1.000000 
490.000000 15974.000000 0.000000 -1.000000 
494.000000 15974.000000 0.000000 -1.000000 
498.000000 15974.000000 0.000000 -1.000000 
502.000000 15974.000000 0.000000 -1.000000 
506.000000 15974.000000 0.000000 -1.000000 
510.000000 15974.000000 0.000000 -1.000000 
514.000000 15974.000000 0.000000 -1.000000 
518.000000 15974.000000 0.000000 -1.000000 
522.000000 15974.000000 0.000000 -1.000000 
526.000000 15974.000000 0.000000 -1.000000 
530.000000 15974.000000 0.000000 -1.000000 
534.000000 15974.000000 0.000000 -1.000000 
538.000000 15974.000000 0.000000 -1.000000 
542.000000 15974.000000 0.000000 -1.000000 
546.000000 15974.000000 0.000000 -1.000000 
550.000000 15974.000000 0.000000 -1.000000 
554.000000 15974.000000 0.000000 -1.000000 
558.000000 15974.000000 0.000000 -1.000000 
562.000000 15974.000000 0.000000 -1.000000 
566.000000 15974.000000 0.000000 -1.000000 
570.000000 15974.000000 0.000000 -1.000000 
574.000000 15974.000000 0.000000 -1.000000 
578.000000 15974.000000 0.000000 -1.000000 
582.000000 15974.000000 0.000000 -1.000000 
586.000000 15974.000000 0.000000 -1.000000 
590.000000 15974.000000 0.000000 -1.000000 
594.000000 15974.000000 0.000000 -1.000000 
598.000000 15974.000000 0.000000 -1.000000 
602.000000 15974.000000 0.000000 -1.000000 
606.000000 15974.000000 0.000000 -1.000000 
610.000000 15974.000000 0.000000 -0.933333 
614.000000 15974.000000 0.000000 -0.866667 
618.000000 15974.000000 0.000000 -0.800000 
622.000000 15974.000000 0.000000 -0.733333 
626.000000 15974.000000 0.000000 -0.666667 
630.000000 15974.000000 0.000000 -0.600000 
634.000000 15974.000000 0.000000 -0.533333 
638.000000 15974.000000 0.000000 -0.466667 
642.000000 15974.000000 0.000000 -0.400000 
646.000000 15974.000000 0.000000 -0.333333 
650.000000 15974.000000 0.000000 -0.266667 
654.000000 15974.000000 0.000000 -0.200000 
658.000000 15974.000000 0.000000 -0.133333 
662.000000 15974.000000 0.000000 -0.066667 
666.000000 15974.000000 0.000000 -0.000000 
670.000000 15974.000000 0.000000 0.066667 
674.000000 15974.000000 0.000000 0.000000 
678.000000 15974.000000 0.000000 0.000000 
682.000000 15974.000000 0.000000 0.000000 
686.000000 15974.000000 0.000000 0.000000 
690.000000 15974.000000 0.000000 0.000000 
694.000000 15974.000000 0.000000 0.000000 
698.000000 15974.000000 0.000000 0.000000 
702.000000 15974.000000 0.000000 0.000000 
706.000000 15974.000000 0.000000 0.000000 
710.000000 15974.000000 0.000000 0.000000 
714.000000 15974.000000 0.000000 0.000000 
718.000000 15974.000000 0.000000 0.000000 
722.000000 15974.000000 0.000000 0.000000 
726.000000 15974.000000 0.000000 0.000000 
730.000000 15974.000000 0.000000 0.000000 
734.000000 15974.000000 0.000000 0.000000 
738.000000 15974.000000 0.000000 0.000000 
742.000000 15974.000000 0.000000 0.000000 
746.000000 15974.000000 0.000000 0.000000 
750.000000 15974.000000 0.000000 0.000000 
754.000000 15974.000000 0.000000 0.000000 
758.000000 15974.000000 0.000000 0.000000 
762.000000 15974.000000 0.000000 0.000000 
766.000000 15974.000000 0.000000 0.000000 
770.000000 15974.000000 0.000000 0.000000 
774.000000 15974.000000 0.000000 0.000000 
778.000000 15974.000000 0.000000 0.000000 
782.000000 15974.000000 0.000000 0.000000 
786.000000 15974.000000 0.000000 0.000000 
790.000000 15974.000000 0.000000 0.000000 
794.000000 15974.000000 0.000000 0.000000 
798.000000 15974.000000 0.000000 0.000000 
0.000000 0.000000 0.000000 0.000000 
0.000000 0.000000 0.000000 0.000000 
0.000000 0.000000 0.000000 0.000000 
0.000000 0.000000 0.000000 0.000000 
0.000000 0.000000 0.000000 0.000000 
0.000000 0.000000 0.000000 0.000000 
0.000000 0.000000 0.000000 0.000000 
0.000000 0.000000 0.000000 0.000000 
0.000000 0.000000 0.000000 0.000000 
0.000000 0.000000 0.000000 0.000000 
0.000000 0.000000 0.000000 0.000000 
0.000000 0.000000 0.000000 0.000000 
0.000000 0.000000 0.000000 0.000000 
0.000000 0.000000 0.000000 0.000000 
0.000000 0.000000 0.000000 0.000000 
0.000000 0.000000 0.000000 0.000000 
0.000000 0.000000 0.000000 0.000000 
0.000000 0.000000 0.000000 0.000000 
0.000000 0.000000 0.000000 0.000000 
0.000000 0.000000 0.000000 0.000000 
0.000000 0.000000 0.000000 0.000000 
0.000000 0.000000 0.000000 0.000000 
0.000000 0.000000 0.000000 0.000000 
0.000000 0.000000 0.000000 0.000000 
0.000000 0.000000 0.000000 0.000000 
0.000000 0.000000 0.000000 0.000000 
0.000000 0.000000 0.000000 0.000000 
0.000000 0.000000 0.000000 0.000000 
0.000000 0.000000 0.000000 0.000000 
0.000000 0.000000 0.000000 0.000000 
0.000000 0.000000 0.000000 0.000000 
0.000000 0.000000 0.000000 0.000000 
0.000000 0.000000 0.000000 0.000000 
0.000000 0.000000 0.000000 0.000000 
0.000000 0.000000 0.000000 0.000000 
0.000000 0.000000 0.000000 0.000000 
0.000000 0.000000 0.000000 0.000000 
0.000000 0.000000 0.000000 0.000000 
0.000000 0.000000 0.000000 0.000000 
0.000000 0.000000 0.000000 0.000000 
0.000000 0.000000 0.000000 0.000000 
0.000000 0.000000 0.000000 0.000000 
0.000000 0.000000 0.000000 0.000000 
0.000000 0.000000 0.000000 0.000000 
0.000000 0.000000 0.000000 0.000000 
0.000000 0.000000 0.000000 0.000000 
0.000000 0.000000 0.000000 0.000000 
0.000000 0.000000 0.000000 0.000000 
0.000000 0.000000 0.000000 0.000000 
0.000000 0.000000 0.000000 0.000000 
0.000000 0.000000 0.000000 0.000000 
0.000000 0.000000 0.000000 0.000000 
0.000000 0.000000 0.000000 0.000000 
0.000000 0.000000 0.000000 0.000000 
0.000000 0.000000 0.000000 0.000000 
0.000000 0.000000 0.000000 0.000000 
0.000000 0.000000 0.000000 0.000000 
0.000000 0.000000 0.000000 0.000000 
0.000000 0.000000 0.000000 0.000000 
0.000000 0.000000 0.000000 0.000000 
0.000000 0.000000 0.000000 0.000000 
0.000000 0.000000 0.000000 0.000000 
0.000000 0.000000 0.000000 0.000000 
0.000000 0.000000 0.000000 0.000000 
0.000000 0.000000 0.000000 0.000000 
0.000000 0.000000 0.000000 0.000000 
0.000000 0.000000 0.000000 0.000000 
0.000000 0.000000 0.000000 0.000000 
0.000000 0.000000 0.000000 0.000000 
0.000000 0.000000 0.000000 0.000000 
0.000000 0.000000 0.000000 0.000000 
0.000000 0.000000 0.000000 0.000000 
0.000000 0.000000 0.000000 0.000000 
0.000000 0.000000 0.000000 0.000000 
0.000000 0.000000 0.000000 0.000000 
0.000000 0.000000 0.000000 0.000000 
0.000000 0.000000 0.000000 0.000000 
0.000000 0.000000 0.000000 0.000000 
0.000000 0.000000 0.000000 0.000000 
0.000000 0.000000 0.000000 0.000000 
0.000000 0.000000 0.000000 0.000000 
0.000000 0.000000 0.000000 0.000000 
0.000000 0.000000 0.000000 0.000000 
0.000000 0.000000 0.000000 0.000000 
0.000000 0.000000 0.000000 0.000000 
0.000000 0.000000 0.000000 0.000000 
0.000000 0.000000 0.000000 0.000000 
0.000000 0.000000 0.000000 0.000000 
0.000000 0.000000 0.000000 0.000000 
0.000000 0.000000 0.000000 0.000000 
0.000000 0.000000 0.000000 0.000000 
0.000000 0.000000 0.000000 0.000000 
0.000000 0.000000 0.000000 0.000000 
0.000000 0.000000 0.000000 0.000000 
0.000000 0.000000 0.000000 0.000000 
0.000000 0.000000 0.000000 0.000000 
0.000000 0.000000 0.000000 0.000000 
0.000000 0.000000 0.000000 0.000000 
0.000000 0.000000 0.000000 0.000000 
0.000000 0.000000 0.000000 0.000000 
0.000000 0.000000 0.000000 0.000000 
0.000000 0.000000 0.000000 0.000000 
0.000000 0.000000 0.000000 0.000000 
0.000000 0.000000 0.000000 0.000000 
0.000000 0.000000 0.000000 0.000000 
0.000000 0.000000 0.000000 0.000000 
0.000000 0.000000 0.000000 0.000000 
0.000000 0.000000 0.000000 0.000000 
0.000000 0.000000 0.000000 0.000000 
0.000000 0.000000 0.000000 0.000000 
0.000000 0.000000 0.000000 0.000000 
0.000000 0.000000 0.000000 0.000000 
0.000000 0.000000 0.000000 0.000000 
0.000000 0.000000 0.000000 0.000000 
0.000000 0.000000 0.000000 0.000000 
0.000000 0.000000 0.000000 0.000000 
0.000000 0.000000 0.000000 0.000000 
0.000000 0.000000 0.000000 0.000000 
0.000000 0.000000 0.000000 0.000000 
0.000000 0.000000 0.000000 0.000000 
0.000000 0.000000 0.000000 0.000000 
0.000000 0.000000 0.000000 0.000000 
0.000000 0.000000 0.000000 0.000000 
0.000000 0.000000 0.000000 0.000000 
0.000000 0.000000 0.000000 0.000000 
0.000000 0.000000 0.000000 0.000000 
0.000000 0.000000 0.000000 0.000000 
0.000000 0.000000 0.000000 0.000000 
0.000000 0.000000 0.000000 0.000000 
0.000000 0.000000 0.000000 0.000000 
0.000000 0.000000 0.000000 0.000000 
0.000000 0.000000 0.000000 0.000000 
0.000000 0.000000 0.000000 0.000000 
0.000000 0.000000 0.000000 0.000000 
0.000000 0.000000 0.000000 0.000000 
0.000000 0.000000 0.000000 0.000000 
0.000000 0.000000 0.000000 0.000000 
0.000000 0.000000 0.000000 0.000000 
0.000000 0.000000 0.000000 0.000000 
0.000000 0.000000 0.000000 0.000000 
0.000000 0.000000 0.000000 0.000000 
0.000000 0.000000 0.000000 0.000000 
0.000000 0.000000 0.000000 0.000000 
0.000000 0.000000 0.000000 0.000000 
0.000000 0.000000 0.000000 0.000000 
0.000000 0.000000 0.000000 0.000000 
0.000000 0.000000 0.000000 0.000000 
0.000000 0.000000 0.000000 0.000000 
0.000000 0.000000 0.000000 0.000000 
0.000000 0.000000 0.000000 0.000000 
0.000000 0.000000 0.000000 0.000000 
0.000000 0.000000 0.000000 0.000000 
0.000000 0.000000 0.000000 0.000000 
0.000000 0.000000 0.000000 0.000000 
0.000000 0.000000 0.000000 0.000000 
0.000000 0.000000 0.000000 0.000000 
0.000000 0.000000 0.000000 0.000000 
0.000000 0.000000 0.000000 0.000000 
0.000000 0.000000 0.000000 0.000000 
0.000000 0.000000 0.000000 0.000000 
0.000000 0.000000 0.000000 0.000000 
0.000000 0.000000 0.000000 0.000000 
0.000000 0.000000 0.000000 0.000000 
0.000000 0.000000 0.000000 0.000000 
0.000000 0.000000 0.000000 0.000000 
0.000000 0.000000 0.000000 0.000000 
0.000000 0.000000 0.000000 0.000000 
0.000000 0.000000 0.000000 0.000000 
0.000000 0.000000 0.000000 0.000000 
0.000000 0.000000 0.000000 0.000000 
0.000000 0.000000 0.000000 0.000000 
0.000000 0.000000 0.000000 0.000000 
0.000000 0.000000 0.000000 0.000000 
0.000000 0.000000 0.000000 0.000000 
0.000000 0.000000 0.000000 0.000000 
0.000000 0.000000 0.000000 0.000000 
0.000000 0.000000 0.000000 0.000000 
0.000000 0.000000 0.000000 0.000000 
0.000000 0.000000 0.000000 0.000000 
0.000000 0.000000 0.000000 0.000000 
0.000000 0.000000 0.000000 0.000000 
0.000000 0.000000 0.000000 0.000000 
0.000000 0.000000 0.000000 0.000000 
0.000000 0.000000 0.000000 0.000000 
0.000000 0.000000 0.000000 0.000000 
0.000000 0.000000 0.000000 0.000000 
0.000000 0.000000 0.000000 0.000000 
0.000000 0.000000 0.000000 0.000000 
0.000000 0.000000 0.000000 0.000000 
0.000000 0.000000 0.000000 0.000000 
0.000000 0.000000 0.000000 0.000000 
0.000000 0.000000 0.000000 0.000000 
0.000000 0.000000 0.000000 0.000000 
0.000000 0.000000 0.000000 0.000000 
0.000000 0.000000 0.000000 0.000000 
0.000000 0.000000 0.000000 0.000000 
0.000000 0.000000 0.000000 0.000000 
0.000000 0.000000 0.000000 0.000000 
0.000000 0.000000 0.000000 0.000000 
