   735
   736
   738
   730
   735
   735
   741
   755
   750
   746
   739
   731
   736
   729
   750
   727
   717
   709
   698
   689
   707
   702
   707
   724
   731
   730
   744
   721
   716
   721
   722
   725
   729
   725
   731
   730
   729
   727
   725
   721
   716
   713
   716
   730
   711
   704
   698
   698
   705
   698
   698
   698
   698
   711
   705
   698
   702
   695
   692
   709
   694
   689
   686
   680
   681
   673
   668
   667
   664
   662
   663
   659
   654
   650
   645
   643
   648
   645
   642
   640
   638
   634
   634
   636
   633
   637
   633
   624
   619
   619
   618
   620
   625
   619
   616
   615
   610
   606
   604
   601
   603
   601
   595
   588
   582
   579
   577
   577
   586
   598
   587
   594
   599
   599
   604
   580
   579
   573
   558
   561
   571
   559
   551
   558
   542
   565
   541
   564
   540
   554
   544
   545
   535
   519
   515
   496
   510
   455
   452
   495
   486
   512
   486
   478
   464
   483
   476
   491
   493
   481
   510
   507
   511
   510
   521
   523
   511
   513
   485
   460
   439
   432
   472
   477
   480
   489
   501
   495
   500
   500
   497
   506
   531
   532
   557
   535
   530
   555
   531
   535
   551
   546
   561
   544
   534
   511
   501
   489
   466
   461
   452
   459
   444
   436
   433
   427
   420
   421
   401
   413
   405
   392
   393
   396
   397
   403
   397
   384
   379
   391
   395
   400
   397
   395
   372
   362
   355
   350
   354
   350
   356
   355
   354
   355
   356
   354
   356
   354
   355
   353
   352
   352
   352
   373
   382
   389
   410
   425
   424
   418
   398
   389
   381
   377
   374
   373
   368
   368
   351
   351
   362
   371
   374
   372
   369
   368
   375
   379
   386
   390
   393
   396
   398
   401
   403
   403
   388
   395
   393
   398
   411
   405
   411
   410
