   778
   756
   777
   757
   761
   746
   751
   767
   764
   733
   726
   707
   735
   704
   688
   687
   699
   672
   657
   668
   654
   668
   684
   690
   676
   653
   635
   633
   631
   628
   630
   655
   658
   664
   680
   654
   676
   682
   695
   687
   678
   716
   691
   673
   668
   664
   671
   663
   664
   656
   650
   650
   639
   636
   628
   628
   618
   642
   656
   658
   646
   668
   662
   671
   663
   665
   640
   644
   637
   641
   652
   673
   663
   661
   651
   648
   645
   637
   636
   637
   634
   640
   624
   622
   619
   614
   608
   606
   603
   598
   603
   603
   619
   625
   625
   642
   637
   641
   625
   640
   646
   621
   618
   610
   607
   600
   598
   595
   604
   604
   585
   576
   578
   591
   592
   573
   582
   571
   556
   546
   541
   530
   523
   529
   553
   559
   570
   566
   574
   588
   595
   561
   579
   584
   586
   559
   543
   543
   542
   544
   537
   542
   531
   527
   525
   522
   523
   527
   542
   542
   540
   535
   524
   517
   512
   505
   502
   500
   498
   504
   510
   517
   497
   494
   513
   516
   520
   531
   540
   527
   516
   520
   540
   556
   549
   561
   553
   534
   551
   526
   543
   537
   525
   545
   525
   514
   515
   524
   519
   500
   531
   520
   519
   523
   514
   499
   486
   478
   500
   496
   489
   488
   498
   477
   462
   467
   477
   483
   479
   462
   466
   471
   463
   478
   470
   445
   439
   438
   451
   451
   471
   464
   445
   463
   469
   469
   475
   464
   460
   470
   437
   437
   415
   408
   414
   399
   381
   409
   404
   417
   421
   431
   342
   338
   339
   342
   342
   342
   342
   344
   343
   342
   341
   340
   340
   338
   339
   346
   371
   391
   378
   398
   388
   385
   378
   391
   372
   358
   353
   373
   378
   367
   356
   351
