   752
   753
   768
   766
   773
   762
   738
   732
   722
   738
   713
   705
   692
   686
   680
   672
   674
   674
   673
   677
   687
   692
   671
   664
   658
   659
   678
   689
   719
   718
   726
   717
   745
   750
   730
   726
   710
   713
   711
   698
   692
   685
   690
   679
   683
   685
   682
   675
   683
   674
   677
   668
   664
   661
   660
   662
   675
   665
   666
   667
   674
   678
   686
   673
   667
   667
   663
   661
   657
   656
   653
   649
   654
   649
   653
   648
   646
   643
   640
   634
   630
   629
   626
   624
   622
   621
   621
   619
   616
   614
   614
   611
   618
   610
   614
   616
   629
   619
   612
   619
   607
   612
   604
   598
   588
   588
   578
   576
   567
   567
   560
   553
   553
   562
   576
   575
   590
   594
   586
   597
   604
   598
   601
   595
   604
   600
   589
   589
   582
   591
   584
   575
   578
   571
   575
   571
   561
   571
   566
   563
   562
   546
   557
   543
   537
   531
   528
   525
   534
   524
   508
   515
   512
   528
   520
   537
   532
   533
   530
   526
   526
   536
   543
   550
   544
   546
   548
   543
   532
   539
   541
   545
   543
   542
   553
   560
   551
   541
   549
   547
   559
   567
   567
   557
   561
   546
   520
   538
   505
   500
   524
   503
   499
   494
   480
   496
   512
   500
   481
   463
   452
   452
   470
   453
   433
   421
   439
   464
   451
   451
   449
   421
   404
   412
   421
   433
   430
   385
   371
   374
   385
   400
   439
   439
   403
   425
   366
   350
   350
   350
   345
   344
   348
   349
   347
   350
   366
   373
   371
   372
   373
   370
   372
   371
   373
   373
   375
   375
   376
   377
   377
   376
   380
   381
   372
   371
   382
   384
   390
   421
   427
   422
   407
   428
   416
   426
   408
   398
   412
   415
   392
   419
   400
   403
