   570
   569
   571
   565
   562
   594
   591
   601
   600
   600
   604
   589
   586
   589
   586
   584
   585
   584
   584
   590
   591
   591
   592
   559
   521
   523
   560
   539
   577
   581
   592
   592
   590
   594
   589
   582
   549
   581
   585
   591
   597
   596
   593
   592
   590
   595
   592
   585
   578
   590
   605
   617
   626
   622
   616
   620
   616
   614
   614
   591
   581
   572
   545
   553
   574
   607
   582
   564
   589
   598
   604
   599
   573
   560
   577
   592
   579
   569
   576
   569
   555
   558
   565
   578
   590
   592
   592
   592
   592
   593
   594
   584
   577
   575
   574
   571
   580
   580
   579
   579
   577
   564
   536
   551
   554
   573
   565
   544
   556
   569
   561
   567
   557
   545
   540
   523
   498
   536
   534
   530
   539
   539
   533
   536
   530
   540
   553
   555
   560
   563
   562
   555
   555
   556
   563
   569
   572
   577
   574
   560
   556
   555
   553
   551
   553
   551
   554
   552
   548
   536
   540
   535
   540
   545
   530
   528
   535
   540
   543
   540
   533
   531
   533
   529
   526
   525
   529
   525
   534
   530
   508
   500
   509
   509
   510
   515
   525
   527
   520
   508
   489
   500
   520
   509
   501
   482
   505
   495
   471
   468
   468
   470
   470
   482
   489
   497
   497
   512
   529
   545
   517
   530
   523
   494
   517
   523
   510
   477
   492
   474
   497
   484
   470
   442
   437
   437
   444
   445
   450
   474
   485
   489
   501
   486
   489
   485
   481
   494
   469
   486
   498
   480
   494
   478
   473
   470
   454
   450
   462
   459
   455
   453
   445
   442
   430
   418
   428
   433
   439
   436
   434
   430
   430
   439
   435
   412
   392
   390
   390
   390
   400
   402
   410
   405
   418
   409
   388
   408
   431
   419
   408
   398
   392
   391
