#col_headings Tim Alt DB LPDB FP 
6.000000 20000.000000 200.000000 5.000000 0.050000 
15.000000 20000.000000 0.000000 4.812500 0.050000 
21.000000 20000.000000 0.000000 4.692187 0.050000 
30.000000 20000.000000 0.000000 4.516230 0.050000 
36.000000 20000.000000 0.000000 4.403324 0.050000 
45.000000 20000.000000 0.000000 4.238199 0.050000 
51.000000 20000.000000 0.000000 4.132244 0.050000 
60.000000 20000.000000 0.000000 3.977285 0.050000 
66.000000 20000.000000 0.000000 3.877853 0.050000 
75.000000 20000.000000 0.000000 3.732433 0.050000 
81.000000 20000.000000 0.000000 3.639122 0.050000 
90.000000 20000.000000 0.000000 3.502656 0.050000 
96.000000 20000.000000 0.000000 3.415089 0.050000 
105.000000 20000.000000 0.000000 3.287023 0.050000 
111.000000 20000.000000 0.000000 3.204848 0.050000 
120.000000 20000.000000 0.000000 3.084666 0.050000 
126.000000 20000.000000 0.000000 3.007549 0.000000 
135.000000 20000.000000 0.000000 2.894766 0.000000 
141.000000 20000.000000 0.000000 2.822397 0.000000 
150.000000 20000.000000 0.000000 2.716557 0.000000 
156.000000 20000.000000 0.000000 2.648643 0.000000 
165.000000 20000.000000 0.000000 2.549319 0.000000 
171.000000 20000.000000 0.000000 2.485586 0.000000 
180.000000 20000.000000 0.000000 2.392376 0.000000 
186.000000 19800.000000 -200.000000 -2.667433 -0.050000 
195.000000 19500.000000 -200.000000 -10.067405 -0.125000 
201.000000 19300.000000 -200.000000 -14.815720 -0.175000 
210.000000 19000.000000 -200.000000 -21.760130 -0.250000 
216.000000 18800.000000 -200.000000 -26.216127 -0.300000 
225.000000 18500.000000 -200.000000 -32.733025 -0.375000 
231.000000 18300.000000 -200.000000 -36.914700 -0.425000 
240.000000 18000.000000 -200.000000 -43.030399 -0.500000 
246.000000 17800.000000 -200.000000 -46.954639 -0.550000 
255.000000 17500.000000 -200.000000 -52.693840 -0.625000 
261.000000 17300.000000 -200.000000 -56.376495 -0.675000 
270.000000 17000.000000 -200.000000 -61.762375 -0.750000 
276.000000 16800.000000 -200.000000 -65.218315 -0.800000 
285.000000 16800.000000 0.000000 -62.772629 -0.800000 
291.000000 16800.000000 0.000000 -61.203312 -0.800000 
300.000000 16800.000000 0.000000 -58.908188 -0.800000 
306.000000 16800.000000 0.000000 -57.435482 -0.800000 
315.000000 16800.000000 0.000000 -55.281651 -0.800000 
321.000000 16800.000000 0.000000 -53.899609 -0.800000 
330.000000 16800.000000 0.000000 -51.878372 -0.800000 
336.000000 16800.000000 0.000000 -50.581413 -0.800000 
345.000000 16800.000000 0.000000 -48.684608 -0.800000 
351.000000 16800.000000 0.000000 -47.467495 -0.800000 
360.000000 16800.000000 0.000000 -45.687466 -0.800000 
366.000000 16800.000000 0.000000 -44.545280 -0.800000 
375.000000 16800.000000 0.000000 -42.874832 -0.800000 
381.000000 16800.000000 0.000000 -41.802963 -0.800000 
390.000000 16800.000000 0.000000 -40.235352 -0.800000 
396.000000 16800.000000 0.000000 -39.229469 -0.800000 
405.000000 16800.000000 0.000000 -37.758366 -0.800000 
411.000000 16800.000000 0.000000 -36.814407 -0.800000 
420.000000 16800.000000 0.000000 -35.433868 -0.800000 
426.000000 16800.000000 0.000000 -34.548023 -0.800000 
435.000000 16800.000000 0.000000 -33.252472 -0.800000 
441.000000 16800.000000 0.000000 -32.421162 -0.800000 
450.000000 16800.000000 0.000000 -31.205368 -0.800000 
456.000000 16780.000000 -200.000000 -35.425232 -0.800000 
465.000000 16750.000000 -200.000000 -41.596786 -0.800000 
471.000000 16730.000000 -200.000000 -45.556866 -0.800000 
480.000000 16700.000000 -200.000000 -51.348484 -0.810375 
486.000000 16680.000000 -200.000000 -55.064774 -0.820625 
495.000000 16650.000000 -200.000000 -60.499844 -0.836000 
501.000000 16630.000000 -200.000000 -63.987347 -0.846250 
510.000000 16600.000000 -200.000000 -69.087822 -0.861625 
516.000000 16580.000000 -200.000000 -72.360626 -0.871875 
525.000000 16550.000000 -200.000000 -77.147102 -0.887250 
531.000000 16530.000000 -200.000000 -80.218422 -0.897500 
540.000000 16500.000000 -200.000000 -84.710228 -0.912875 
546.000000 16480.000000 -200.000000 -87.592476 -0.923125 
555.000000 16480.000000 0.000000 -84.307755 -0.923125 
561.000000 16480.000000 0.000000 -82.200058 -0.923125 
570.000000 16480.000000 0.000000 -79.117554 -0.923125 
576.000000 16480.000000 0.000000 -77.139618 -0.923125 
585.000000 16480.000000 0.000000 -74.246880 -0.923125 
591.000000 16480.000000 0.000000 -72.390709 -0.923125 
600.000000 16480.000000 0.000000 -69.676056 -0.923125 
606.000000 16480.000000 0.000000 -67.934158 -0.923125 
615.000000 16480.000000 0.000000 -65.386627 -0.923125 
621.000000 16480.000000 0.000000 -63.751961 -0.923125 
630.000000 16480.000000 0.000000 -61.361263 -0.923125 
636.000000 16480.000000 0.000000 -59.827232 -0.923125 
645.000000 16480.000000 0.000000 -57.583710 -0.923125 
651.000000 16480.000000 0.000000 -56.144115 -0.923125 
660.000000 16480.000000 0.000000 -54.038712 -0.923125 
666.000000 16480.000000 0.000000 -52.687744 -0.923125 
675.000000 16480.000000 0.000000 -50.711952 -0.923125 
681.000000 16480.000000 0.000000 -49.444153 -0.923125 
690.000000 16480.000000 0.000000 -47.589996 -0.923125 
696.000000 16480.000000 0.000000 -46.400246 -0.923125 
705.000000 16480.000000 0.000000 -44.660236 -0.923125 
711.000000 16480.000000 0.000000 -43.543732 -0.923125 
720.000000 16480.000000 0.000000 -41.910843 -0.923125 
726.000000 16480.000000 0.000000 -40.863071 -0.923125 
735.000000 16480.000000 0.000000 -39.330708 -0.923125 
741.000000 16480.000000 0.000000 -38.347439 -0.923125 
750.000000 16480.000000 0.000000 -36.909409 -0.923125 
756.000000 16480.000000 0.000000 -35.986671 -0.923125 
765.000000 16480.000000 0.000000 -34.637173 -0.923125 
771.000000 16480.000000 0.000000 -33.771244 -0.923125 
780.000000 16480.000000 0.000000 -32.504822 -0.923125 
786.000000 16480.000000 0.000000 -31.692202 -0.923125 
795.000000 16480.000000 0.000000 -30.503744 -0.923125 
801.000000 16480.000000 0.000000 -29.741150 -0.923125 
810.000000 16480.000000 0.000000 -28.625856 -0.923125 
816.000000 16480.000000 0.000000 -27.910210 -0.923125 
825.000000 16480.000000 0.000000 -26.863577 -0.923125 
831.000000 16480.000000 0.000000 -26.191988 -0.923125 
840.000000 16480.000000 0.000000 -25.209789 -0.923125 
846.000000 16480.000000 0.000000 -24.579544 -0.923125 
855.000000 16480.000000 0.000000 -23.657810 -0.876969 
861.000000 16480.000000 0.000000 -23.066364 -0.807734 
870.000000 16480.000000 0.000000 -22.201376 -0.761578 
876.000000 16480.000000 0.000000 -21.646341 -0.692344 
885.000000 16480.000000 0.000000 -20.834604 -0.646187 
891.000000 16480.000000 0.000000 -20.313740 -0.576953 
900.000000 16480.000000 0.000000 -19.551975 -0.530797 
906.000000 16480.000000 0.000000 -19.063175 -0.461562 
915.000000 16480.000000 0.000000 -18.348307 -0.415406 
921.000000 16460.000000 -200.000000 -22.889599 -0.346172 
930.000000 16430.000000 -200.000000 -29.531239 -0.300016 
936.000000 16410.000000 -200.000000 -33.792957 -0.300016 
945.000000 16380.000000 -200.000000 -40.025723 -0.352500 
951.000000 16360.000000 -200.000000 -44.025078 -0.387500 
960.000000 16330.000000 -200.000000 -49.874138 -0.440000 
966.000000 16310.000000 -200.000000 -53.627285 -0.475000 
975.000000 16280.000000 -200.000000 -59.116261 -0.527500 
981.000000 16260.000000 -200.000000 -62.638355 -0.562500 
