1 9716.000000 9716.000000 40.901836 -98.619759 256.289062 0.076904 0.000000 0.000000 0.000000 0.000000 0.000000 0.000000 0.000000
2 9717.000000 9716.000000 40.901665 -98.620445 256.223145 0.120850 0.000000 0.000000 5.000000 0.000000 0.000000 0.000000 0.000000
3 9718.000000 9717.000000 40.900635 -98.626457 256.047363 0.043945 0.000000 0.000000 10.000000 4.000000 2250.000000 3250.000000 3250.000000
4 9721.000000 9719.000000 40.899433 -98.632637 256.135254 0.318604 0.000000 0.000000 10.000000 4.000000 2250.000000 3250.000000 3250.000000
5 9723.000000 9721.000000 40.898403 -98.638641 256.261597 0.615234 0.000000 0.000000 10.000000 4.000000 2250.000000 3250.000000 3250.000000
6 9725.000000 9724.000000 40.897373 -98.644653 256.338501 0.230713 0.000000 0.167891 10.000000 4.000000 2750.000000 3250.000000 3250.000000
7 9725.000000 9724.000000 40.896172 -98.650490 256.420898 0.208740 0.000000 -0.054143 10.000000 4.000000 2750.000000 3250.000000 3250.000000
8 9727.000000 9725.000000 40.895142 -98.656670 256.481323 0.175781 0.000000 0.176340 10.000000 4.000000 2750.000000 3250.000000 3250.000000
9 9725.000000 9725.000000 40.894112 -98.662674 256.376953 0.252686 0.000000 0.173012 10.000000 4.000000 2750.000000 3250.000000 3250.000000
10 9728.000000 9725.000000 40.893082 -98.668343 256.459351 0.428467 0.000000 0.136414 10.000000 4.000000 2750.000000 3250.000000 3250.000000
11 9728.000000 9727.000000 40.892052 -98.674179 256.475830 0.461426 0.000000 0.135589 10.000000 4.000000 2750.000000 3250.000000 3250.000000
12 9729.000000 9728.000000 40.891022 -98.679840 256.530762 0.428467 0.000000 0.115172 10.000000 4.000000 2750.000000 3250.000000 3250.000000
13 9729.000000 9728.000000 40.889992 -98.685677 256.613159 0.362549 0.000000 0.108151 10.000000 4.000000 2750.000000 3250.000000 3250.000000
14 9729.000000 9729.000000 40.888962 -98.691513 256.624146 0.241699 0.000000 0.119037 10.000000 4.000000 2750.000000 3250.000000 3250.000000
15 9729.000000 9728.000000 40.887932 -98.697006 256.640625 0.549316 0.000000 0.092074 10.000000 4.000000 2750.000000 3250.000000 3250.000000
16 9729.000000 9728.000000 40.886902 -98.702843 256.898804 0.340576 0.000000 0.085418 10.000000 4.000000 2750.000000 3250.000000 3250.000000
17 9729.000000 9729.000000 40.885872 -98.708168 256.832886 0.406494 0.000000 0.084546 10.000000 4.000000 2750.000000 3250.000000 3250.000000
18 9729.000000 9729.000000 40.885014 -98.713829 256.827393 0.318604 0.000000 0.084184 10.000000 4.000000 2750.000000 3250.000000 3250.000000
19 9727.000000 9728.000000 40.883984 -98.719322 257.008667 0.417480 0.000000 0.082854 10.000000 4.000000 2750.000000 3250.000000 3250.000000
20 9727.000000 9727.000000 40.882954 -98.724815 256.959229 0.384521 0.000000 0.088844 10.000000 4.000000 2750.000000 3250.000000 3250.000000
21 9730.000000 9728.000000 40.882095 -98.730309 257.091064 0.395508 0.000000 0.098402 10.000000 4.000000 2750.000000 3250.000000 3250.000000
22 9730.000000 9729.000000 40.881065 -98.735802 257.135010 0.384521 0.000000 0.098706 10.000000 4.000000 2750.000000 3250.000000 3250.000000
23 9731.000000 9730.000000 40.880207 -98.741127 256.942749 0.384521 0.000000 0.091814 10.000000 4.000000 2750.000000 3250.000000 3250.000000
24 9733.000000 9731.000000 40.879177 -98.746445 257.096558 0.395508 0.000000 0.090059 10.000000 4.000000 2750.000000 3250.000000 3750.000000
25 9732.000000 9732.000000 40.878319 -98.751938 256.992188 0.252686 0.000000 0.085028 10.000000 4.000000 2750.000000 3250.000000 3750.000000
26 9735.000000 9733.000000 40.877460 -98.757088 256.750488 -0.098877 0.000000 0.088747 10.000000 4.000000 2750.000000 3250.000000 3750.000000
27 9735.000000 9735.000000 40.876431 -98.762581 256.409912 -0.065918 0.000000 0.091483 10.000000 4.000000 2750.000000 3250.000000 3750.000000
28 9738.000000 9736.000000 40.875572 -98.767906 256.882324 1.087646 0.000000 0.093576 10.000000 4.000000 2750.000000 3250.000000 3750.000000
29 9747.000000 9743.000000 40.874199 -98.775284 257.080078 0.845947 0.000000 0.094809 10.000000 4.000000 2750.000000 3250.000000 3750.000000
30 9745.000000 9745.000000 40.873341 -98.780952 257.019653 0.241699 0.000000 0.081437 10.000000 4.000000 2750.000000 3250.000000 3750.000000
31 9743.000000 9744.000000 40.872311 -98.786446 257.211914 0.142822 0.000000 0.087292 10.000000 4.000000 2750.000000 3250.000000 3750.000000
32 9737.000000 9740.000000 40.871281 -98.792282 256.986694 0.252686 0.000000 0.090335 10.000000 4.000000 2750.000000 3250.000000 3750.000000
33 9735.000000 9736.000000 40.870251 -98.798286 256.948242 0.406494 0.000000 0.088894 11.000000 4.000000 2750.000000 3250.000000 3750.000000
34 9734.000000 9735.000000 40.869392 -98.803955 256.981201 0.307617 0.000000 0.112177 10.000000 4.000000 2750.000000 3250.000000 3750.000000
35 9729.000000 9732.000000 40.868362 -98.809959 256.723022 0.175781 0.000000 0.107602 11.000000 4.000000 2750.000000 3250.000000 3750.000000
36 9729.000000 9728.000000 40.867332 -98.815796 256.777954 0.164795 0.000000 0.101548 11.000000 4.000000 2750.000000 3250.000000 3750.000000
37 9732.000000 9730.000000 40.866131 -98.821976 256.755981 0.351562 0.000000 0.102478 11.000000 4.000000 2750.000000 3250.000000 3750.000000
38 9720.000000 9727.000000 40.865101 -98.827812 256.909790 0.439453 0.000000 0.091605 11.000000 4.000000 2750.000000 3250.000000 3750.000000
39 9722.000000 9723.000000 40.864071 -98.834167 257.118530 0.164795 0.000000 0.090433 11.000000 4.000000 2750.000000 3250.000000 3750.000000
40 9722.000000 9722.000000 40.863041 -98.840172 257.102051 0.736084 0.000000 0.094199 11.000000 4.000000 2750.000000 3250.000000 3750.000000
41 9723.000000 9722.000000 40.862011 -98.846527 257.327271 0.219727 0.000000 0.089765 11.000000 4.000000 2750.000000 3250.000000 3750.000000
42 9722.000000 9722.000000 40.860809 -98.852875 257.481079 0.219727 0.000000 0.089199 11.000000 4.000000 2750.000000 3250.000000 3750.000000
43 9724.000000 9722.000000 40.859779 -98.859055 257.519531 0.285645 0.000000 0.083721 11.000000 4.000000 2750.000000 3250.000000 3750.000000
44 9724.000000 9723.000000 40.858578 -98.865410 257.514038 0.175781 0.000000 0.097667 11.000000 4.000000 2750.000000 3250.000000 3750.000000
45 9725.000000 9724.000000 40.857548 -98.871758 257.733765 0.318604 0.000000 0.089019 11.000000 4.000000 2750.000000 3250.000000 3750.000000
46 9727.000000 9725.000000 40.856346 -98.878281 257.942505 0.340576 0.000000 0.087730 11.000000 4.000000 2750.000000 3250.000000 3750.000000
47 9724.000000 9726.000000 40.855316 -98.884636 257.975464 0.395508 0.000000 0.092551 11.000000 4.000000 2750.000000 3250.000000 3750.000000
48 9724.000000 9724.000000 40.854115 -98.891159 258.002930 0.109863 0.000000 0.089799 11.000000 4.000000 2750.000000 3250.000000 3750.000000
49 9725.000000 9724.000000 40.852913 -98.897682 258.002930 0.131836 0.000000 0.080164 11.000000 4.000000 2750.000000 3250.000000 3750.000000
50 9723.000000 9724.000000 40.851883 -98.904373 257.942505 0.164795 0.000000 0.090426 11.000000 4.000000 2750.000000 3250.000000 3750.000000
51 9720.000000 9722.000000 40.850681 -98.911072 258.019409 0.472412 0.000000 0.092518 11.000000 4.000000 2750.000000 3250.000000 3750.000000
52 9719.000000 9719.000000 40.849480 -98.917595 258.112793 0.395508 0.000000 0.105725 11.000000 4.000000 2750.000000 3250.000000 3750.000000
53 9719.000000 9719.000000 40.848278 -98.924461 258.085327 0.318604 0.000000 0.107204 11.000000 4.000000 2750.000000 3250.000000 3750.000000
54 9717.000000 9718.000000 40.847248 -98.930984 258.140259 0.076904 0.000000 0.102068 11.000000 4.000000 2750.000000 3250.000000 3750.000000
55 9718.000000 9717.000000 40.846046 -98.938019 258.266602 -0.054932 0.000000 0.103626 11.000000 4.000000 2750.000000 3250.000000 3750.000000
56 9717.000000 9718.000000 40.844845 -98.944885 258.354492 0.274658 0.000000 0.090268 11.000000 4.000000 2750.000000 3250.000000 3750.000000
57 9718.000000 9717.000000 40.843472 -98.951584 258.228149 0.131836 0.000000 0.094297 11.000000 4.000000 2750.000000 3250.000000 3750.000000
58 9720.000000 9718.000000 40.842270 -98.958618 258.261108 0.351562 0.000000 0.071116 11.000000 4.000000 2750.000000 3250.000000 3750.000000
59 9717.000000 9718.000000 40.841068 -98.965317 258.162231 0.340576 0.000000 0.076941 11.000000 4.000000 2750.000000 3250.000000 3750.000000
60 9718.000000 9717.000000 40.839867 -98.972351 258.112793 0.395508 0.000000 0.084336 11.000000 4.000000 2750.000000 3250.000000 3750.000000
61 9717.000000 9717.000000 40.838665 -98.979218 258.129272 0.395508 0.000000 0.073124 11.000000 4.000000 2750.000000 3250.000000 3750.000000
62 9714.000000 9716.000000 40.837463 -98.986259 258.118286 0.472412 0.000000 0.089863 11.000000 4.000000 2750.000000 3250.000000 3750.000000
63 9715.000000 9714.000000 40.836090 -98.993469 258.074341 0.076904 0.000000 0.090072 11.000000 4.000000 2750.000000 3250.000000 3750.000000
64 9710.000000 9713.000000 40.834888 -99.000336 258.283081 0.428467 0.000000 0.088759 11.000000 4.000000 2750.000000 3250.000000 3750.000000
65 9708.000000 9708.000000 40.833687 -99.007370 258.255615 0.296631 0.000000 0.075677 11.000000 4.000000 2750.000000 3250.000000 3750.000000
66 9710.000000 9708.000000 40.832485 -99.014069 258.239136 0.153809 0.000000 0.091283 11.000000 4.000000 2750.000000 3250.000000 3750.000000
67 9709.000000 9709.000000 40.831284 -99.021103 258.222656 0.131836 0.000000 0.100734 11.000000 4.000000 2750.000000 3250.000000 3750.000000
68 9711.000000 9709.000000 40.830082 -99.027626 258.167725 0.054932 0.000000 0.106387 11.000000 4.000000 2750.000000 3250.000000 3750.000000
69 9718.000000 9713.000000 40.828880 -99.034492 258.233643 0.241699 0.000000 0.111040 11.000000 4.000000 2750.000000 3250.000000 3750.000000
70 9722.000000 9719.000000 40.827679 -99.041359 258.211670 0.197754 0.000000 0.112884 11.000000 4.000000 2750.000000 3250.000000 3750.000000
71 9725.000000 9723.000000 40.826649 -99.047882 258.211670 0.186768 0.000000 0.118251 11.000000 4.000000 2750.000000 3250.000000 3750.000000
72 9725.000000 9725.000000 40.825447 -99.054573 258.167725 0.142822 0.000000 0.106444 11.000000 4.000000 2750.000000 3250.000000 3750.000000
73 9724.000000 9725.000000 40.824245 -99.061096 258.184204 0.164795 0.000000 0.114704 11.000000 4.000000 2750.000000 3250.000000 3750.000000
74 9725.000000 9724.000000 40.823219 -99.067795 258.250122 0.230713 0.000000 0.101631 11.000000 4.000000 2750.000000 3250.000000 3750.000000
75 9726.000000 9725.000000 40.822018 -99.073975 258.277588 0.285645 0.000000 0.108968 11.000000 4.000000 2750.000000 3250.000000 3750.000000
76 9725.000000 9725.000000 40.820816 -99.080666 258.255615 0.164795 0.000000 0.101668 11.000000 4.000000 2750.000000 3250.000000 3750.000000
77 9729.000000 9725.000000 40.819786 -99.087189 258.299561 0.186768 0.000000 0.096831 11.000000 4.000000 2750.000000 3250.000000 3750.000000
78 9730.000000 9728.000000 40.818584 -99.093369 258.250122 0.219727 0.000000 0.100393 11.000000 4.000000 2750.000000 3250.000000 3750.000000
79 9730.000000 9729.000000 40.817554 -99.099892 258.283081 0.351562 0.000000 0.099614 11.000000 4.000000 2750.000000 3250.000000 3750.000000
80 9729.000000 9729.000000 40.816353 -99.106071 258.354492 0.340576 0.000000 0.108571 11.000000 4.000000 2750.000000 3250.000000 3750.000000
81 9725.000000 9728.000000 40.815323 -99.112427 258.414917 1.922607 0.000000 0.111016 12.000000 4.000000 2750.000000 3250.000000 3750.000000
82 9727.000000 9726.000000 40.814293 -99.118607 261.743774 14.512939 0.000000 0.072031 12.000000 4.000000 2750.000000 3250.000000 3750.000000
83 9730.000000 9727.000000 40.813606 -99.124786 267.550049 11.722412 0.000000 0.076849 12.000000 4.000000 2750.000000 3250.000000 3750.000000
84 9740.000000 9732.000000 40.813435 -99.130966 266.303101 -10.513916 0.000000 0.070809 12.000000 4.000000 3250.000000 3250.000000 3250.000000
85 9739.000000 9739.000000 40.812920 -99.136459 258.722534 -26.707764 0.000000 0.063257 12.000000 5.000000 3250.000000 3250.000000 3250.000000
86 9728.000000 9735.000000 40.811546 -99.142464 247.527466 -28.092041 0.000000 0.082799 12.000000 4.000000 2750.000000 3250.000000 3750.000000
87 9731.000000 9729.000000 40.809830 -99.146927 239.117432 -27.103271 0.000000 0.068398 12.000000 3.000000 2750.000000 3250.000000 3750.000000
88 9738.000000 9733.000000 40.807598 -99.151390 230.729370 -26.795654 0.000000 0.052580 12.000000 3.000000 2250.000000 3250.000000 3750.000000
89 9741.000000 9739.000000 40.804680 -99.155167 222.242432 -26.696777 0.000000 0.052580 12.000000 3.000000 2250.000000 3250.000000 3750.000000
90 9740.000000 9740.000000 40.801247 -99.158432 212.931519 -26.795654 0.000000 0.043532 12.000000 3.000000 2250.000000 3250.000000 3250.000000
91 9767.000000 9744.000000 40.797642 -99.161003 203.241577 -26.433105 0.000000 0.044071 12.000000 3.000000 2250.000000 2750.000000 3250.000000
92 9867.000000 9786.000000 40.793350 -99.162552 193.743896 -26.378174 0.000000 0.017767 12.000000 2.000000 2250.000000 2750.000000 3250.000000
93 9950.000000 9875.000000 40.789230 -99.163406 185.229492 -26.795654 0.000000 0.064278 11.000000 2.000000 2250.000000 2250.000000 3250.000000
94 10059.000000 9981.000000 40.784939 -99.163239 176.737061 -26.488037 0.000000 0.111505 11.000000 2.000000 2250.000000 2250.000000 3250.000000
95 10171.000000 10086.000000 40.780819 -99.162376 168.425903 -26.103516 0.000000 0.038994 9.000000 2.000000 2250.000000 2250.000000 3250.000000
96 10278.000000 10195.000000 40.776527 -99.160492 159.697266 -25.960693 0.000000 0.059320 9.000000 2.000000 2250.000000 2250.000000 2750.000000
97 10469.000000 10386.000000 40.769489 -99.155342 143.563843 -26.213379 0.000000 -0.003659 5.000000 2.000000 2250.000000 2250.000000 2250.000000
98 10579.000000 10485.000000 40.766228 -99.151733 135.351562 -26.301270 0.000000 -0.003659 5.000000 2.000000 2250.000000 2250.000000 2250.000000
99 10689.000000 10589.000000 40.763138 -99.147446 126.683350 -26.279297 0.000000 0.016655 5.000000 2.000000 2250.000000 2250.000000 2250.000000
100 10800.000000 10699.000000 40.760563 -99.142296 117.487793 -26.257324 0.000000 0.067598 5.000000 2.000000 2250.000000 2250.000000 2250.000000
101 10884.000000 10804.000000 40.758675 -99.136971 109.138184 -26.114502 0.000000 -0.074777 5.000000 2.000000 2250.000000 2250.000000 2250.000000
102 10994.000000 10914.000000 40.757130 -99.131134 100.288696 -26.202393 0.000000 0.035291 5.000000 2.000000 2250.000000 2250.000000 2250.000000
103 11104.000000 11019.000000 40.756443 -99.125298 92.614746 -20.489502 0.000000 -0.077317 5.000000 2.000000 2250.000000 2250.000000 2250.000000
104 11217.000000 11124.000000 40.756100 -99.119461 88.829956 -10.239258 0.000000 -0.055894 5.000000 2.000000 2250.000000 2250.000000 2250.000000
105 11326.000000 11243.000000 40.755928 -99.112938 87.077637 -4.910889 0.000000 -0.096226 5.000000 2.000000 2250.000000 2250.000000 2250.000000
106 11432.000000 11359.000000 40.756100 -99.106415 85.682373 -4.053955 0.000000 -0.033469 5.000000 2.000000 2250.000000 2250.000000 2250.000000
107 11554.000000 11473.000000 40.756271 -99.099548 83.276367 -6.888428 0.000000 -0.063629 5.000000 2.000000 2250.000000 2250.000000 2250.000000
108 11624.000000 11570.000000 40.756786 -99.092682 80.881348 -6.624756 0.000000 -0.027060 6.000000 2.000000 2250.000000 2250.000000 2250.000000
109 11669.000000 11638.000000 40.757301 -99.085815 78.777466 -5.910645 0.000000 -0.033014 6.000000 2.000000 2250.000000 2250.000000 2250.000000
110 11693.000000 11678.000000 40.757988 -99.079292 76.772461 -5.614014 0.000000 -0.009703 6.000000 2.000000 2250.000000 2250.000000 2250.000000
111 11698.000000 11694.000000 40.759018 -99.072426 75.250854 -3.548584 0.000000 -0.026460 6.000000 2.000000 2250.000000 2250.000000 2250.000000
112 11697.000000 11697.000000 40.760048 -99.065392 74.262085 -2.581787 0.000000 0.004842 6.000000 2.000000 2250.000000 2250.000000 2250.000000
113 11689.000000 11694.000000 40.761250 -99.058350 73.685303 -1.878662 0.000000 -0.016938 6.000000 2.000000 2250.000000 2250.000000 2250.000000
114 11684.000000 11687.000000 40.762623 -99.051315 73.190918 -1.208496 0.000000 0.034005 6.000000 2.000000 2250.000000 2250.000000 2250.000000
115 11676.000000 11681.000000 40.763824 -99.043930 72.866821 -0.878906 0.000000 0.019354 6.000000 2.000000 2250.000000 2250.000000 2250.000000
116 11670.000000 11674.000000 40.765198 -99.037064 72.449341 -0.659180 0.000000 0.037757 6.000000 2.000000 2250.000000 2250.000000 2250.000000
117 11656.000000 11664.000000 40.766571 -99.029686 72.273560 -0.549316 0.000000 0.041716 6.000000 2.000000 2250.000000 2250.000000 2250.000000
118 11656.000000 11659.000000 40.767944 -99.022820 72.048340 -0.406494 0.000000 0.045766 6.000000 2.000000 2250.000000 2250.000000 2250.000000
119 11661.000000 11658.000000 40.769318 -99.015610 71.823120 -0.120850 0.000000 0.035897 6.000000 2.000000 2250.000000 2250.000000 2250.000000
120 11668.000000 11662.000000 40.770691 -99.008575 71.691284 0.021973 0.000000 0.044920 6.000000 2.000000 2250.000000 2250.000000 2250.000000
121 11674.000000 11670.000000 40.772064 -99.001534 71.625366 0.142822 0.000000 0.054029 6.000000 2.000000 2250.000000 2250.000000 2250.000000
122 11676.000000 11674.000000 40.773438 -98.994667 71.542969 0.087891 0.000000 0.067621 6.000000 2.000000 2250.000000 2250.000000 2250.000000
123 11676.000000 11675.000000 40.774811 -98.987457 71.493530 0.296631 0.000000 0.075822 6.000000 2.000000 2250.000000 2250.000000 2250.000000
124 11677.000000 11676.000000 40.776356 -98.980591 71.488037 0.230713 0.000000 0.059948 6.000000 2.000000 2250.000000 2250.000000 2250.000000
125 11679.000000 11677.000000 40.777729 -98.973557 71.559448 0.351562 0.000000 0.064152 6.000000 2.000000 2250.000000 2250.000000 2250.000000
126 11679.000000 11678.000000 40.779102 -98.966515 71.438599 0.065918 0.000000 0.059767 6.000000 2.000000 2250.000000 2250.000000 2250.000000
127 11680.000000 11679.000000 40.780476 -98.959648 71.466064 -0.054932 0.000000 0.050998 6.000000 2.000000 2250.000000 2250.000000 2250.000000
128 11681.000000 11680.000000 40.781849 -98.952614 71.493530 -0.131836 0.000000 0.065087 6.000000 2.000000 2250.000000 2250.000000 2250.000000
129 11699.000000 11694.000000 40.783222 -98.945915 71.301270 0.065918 0.000000 0.064021 6.000000 2.000000 2250.000000 2250.000000 2250.000000
130 11699.000000 11699.000000 40.784595 -98.938881 71.185913 0.164795 0.000000 0.068438 6.000000 2.000000 2250.000000 2250.000000 2250.000000
131 11700.000000 11699.000000 40.785969 -98.932182 71.103516 0.340576 0.000000 0.070907 6.000000 2.000000 2250.000000 2250.000000 2250.000000
132 11699.000000 11699.000000 40.787342 -98.925148 71.174927 0.494385 0.000000 0.057204 6.000000 2.000000 2250.000000 2250.000000 2250.000000
133 11695.000000 11698.000000 40.788715 -98.918106 71.262817 0.373535 0.000000 0.064548 6.000000 2.000000 2250.000000 2250.000000 2250.000000
134 11696.000000 11696.000000 40.790089 -98.911583 71.273804 0.263672 0.000000 0.054447 6.000000 2.000000 2250.000000 2250.000000 2250.000000
135 11696.000000 11696.000000 40.791462 -98.904549 71.383667 0.252686 0.000000 0.067547 6.000000 2.000000 2250.000000 2250.000000 2250.000000
136 11698.000000 11695.000000 40.792835 -98.897850 71.015625 -0.109863 0.000000 0.070711 6.000000 2.000000 2250.000000 2250.000000 2250.000000
137 11699.000000 11698.000000 40.794380 -98.890816 70.916748 0.483398 0.000000 0.070835 6.000000 2.000000 2250.000000 2250.000000 2250.000000
138 11702.000000 11700.000000 40.795753 -98.884117 70.966187 0.823975 0.000000 0.058389 6.000000 2.000000 2250.000000 2250.000000 2250.000000
139 11703.000000 11702.000000 40.797127 -98.877083 71.043091 0.922852 0.000000 0.062005 6.000000 2.000000 2250.000000 2250.000000 2250.000000
140 11703.000000 11703.000000 40.798672 -98.870041 71.202393 1.065674 0.000000 0.064423 6.000000 2.000000 2250.000000 2250.000000 2250.000000
141 11699.000000 11701.000000 40.800045 -98.863174 71.312256 0.966797 0.000000 0.069374 6.000000 2.000000 2250.000000 2250.000000 2250.000000
142 11700.000000 11699.000000 40.801418 -98.855965 71.520996 0.955811 0.000000 0.090464 6.000000 2.000000 2250.000000 2250.000000 2250.000000
143 11699.000000 11699.000000 40.802792 -98.849098 71.625366 0.922852 0.000000 0.077637 6.000000 2.000000 2250.000000 2250.000000 2250.000000
144 11697.000000 11697.000000 40.804337 -98.841888 71.559448 0.966797 0.000000 0.078170 6.000000 2.000000 2250.000000 2250.000000 2250.000000
145 11697.000000 11696.000000 40.805538 -98.835022 71.960449 1.021729 0.000000 0.085068 6.000000 2.000000 2250.000000 2250.000000 2250.000000
146 11693.000000 11696.000000 40.807083 -98.827644 71.927490 0.867920 0.000000 0.075148 6.000000 2.000000 2250.000000 2250.000000 2250.000000
147 11691.000000 11692.000000 40.808456 -98.820778 71.982422 0.791016 0.000000 0.090408 6.000000 2.000000 2250.000000 2250.000000 2250.000000
148 11692.000000 11691.000000 40.809830 -98.813393 72.141724 0.867920 0.000000 0.083032 6.000000 2.000000 2250.000000 2250.000000 2250.000000
149 11689.000000 11691.000000 40.811203 -98.806358 72.125244 0.758057 0.000000 0.080637 6.000000 2.000000 2250.000000 2250.000000 2250.000000
150 11690.000000 11689.000000 40.812576 -98.798973 72.191162 0.615234 0.000000 0.084964 6.000000 2.000000 2250.000000 2250.000000 2250.000000
151 11688.000000 11689.000000 40.813950 -98.791763 72.218628 0.703125 0.000000 0.084853 6.000000 2.000000 2250.000000 2250.000000 2250.000000
152 11686.000000 11686.000000 40.815323 -98.784386 72.224121 0.670166 0.000000 0.069235 6.000000 2.000000 2250.000000 2250.000000 2250.000000
153 11685.000000 11685.000000 40.816868 -98.777000 72.235107 0.670166 0.000000 0.073300 6.000000 2.000000 2250.000000 2250.000000 2250.000000
154 11687.000000 11685.000000 40.818241 -98.769791 72.301025 0.681152 0.000000 0.075389 6.000000 2.000000 2250.000000 2250.000000 2250.000000
155 11684.000000 11685.000000 40.819614 -98.762238 72.460327 0.823975 0.000000 0.071779 6.000000 2.000000 2250.000000 2250.000000 2250.000000
156 11680.000000 11682.000000 40.820988 -98.755028 72.888794 0.867920 0.000000 0.059204 5.000000 2.000000 2250.000000 2250.000000 2250.000000
157 11686.000000 11681.000000 40.822361 -98.747650 72.949219 0.373535 0.000000 0.061489 5.000000 2.000000 2250.000000 2250.000000 2250.000000
158 11677.000000 11680.000000 40.823563 -98.740440 72.965698 0.098877 0.000000 0.065420 5.000000 2.000000 2250.000000 2250.000000 2250.000000
159 11685.000000 11680.000000 40.824932 -98.733055 72.855835 -0.120850 0.000000 0.072672 5.000000 2.000000 2250.000000 2250.000000 2250.000000
160 11675.000000 11680.000000 40.826305 -98.725677 72.751465 -0.230713 0.000000 0.070899 5.000000 2.000000 2250.000000 2250.000000 2250.000000
161 11669.000000 11674.000000 40.827679 -98.718636 72.586670 -0.241699 0.076923 0.071730 5.000000 2.000000 2250.000000 2250.000000 2250.000000
162 11689.000000 11677.000000 40.829052 -98.711426 72.443848 -0.120850 0.076923 0.071933 5.000000 2.000000 2250.000000 2250.000000 2250.000000
163 11690.000000 11689.000000 40.830425 -98.704391 72.366943 -0.054932 0.000000 0.077758 5.000000 2.000000 2250.000000 2250.000000 2250.000000
164 11689.000000 11689.000000 40.831799 -98.697182 72.251587 0.021973 0.000000 0.089620 5.000000 2.000000 2250.000000 2250.000000 2250.000000
165 11692.000000 11689.000000 40.833515 -98.687737 72.174683 0.065918 0.000000 0.085715 5.000000 2.000000 2250.000000 2250.000000 2250.000000
166 11691.000000 11691.000000 40.834888 -98.680870 72.218628 0.164795 0.000000 0.078377 5.000000 2.000000 2250.000000 2250.000000 2250.000000
167 11683.000000 11688.000000 40.836262 -98.673836 72.191162 0.175781 0.000000 0.079125 5.000000 2.000000 2250.000000 2250.000000 2250.000000
168 11674.000000 11680.000000 40.837463 -98.666969 72.229614 0.219727 0.000000 0.066015 5.000000 2.000000 2250.000000 2250.000000 2250.000000
169 11691.000000 11685.000000 40.838837 -98.659927 72.213135 0.340576 0.000000 0.073390 5.000000 2.000000 2250.000000 2250.000000 2250.000000
170 11692.000000 11691.000000 40.840210 -98.652718 72.257080 0.307617 0.000000 0.057042 5.000000 2.000000 2250.000000 2250.000000 2250.000000
171 11674.000000 11687.000000 40.841412 -98.646027 72.306519 0.230713 0.000000 0.068257 5.000000 2.000000 2250.000000 2250.000000 2250.000000
172 11692.000000 11685.000000 40.842785 -98.638985 72.372437 0.285645 0.000000 0.076604 5.000000 2.000000 2250.000000 2250.000000 2250.000000
173 11691.000000 11691.000000 40.844158 -98.632294 72.317505 0.285645 0.000000 0.083425 5.000000 2.000000 2250.000000 2250.000000 2250.000000
174 11692.000000 11691.000000 40.845360 -98.625427 72.465820 0.428467 0.000000 0.101104 5.000000 2.000000 2250.000000 2250.000000 2250.000000
175 11692.000000 11691.000000 40.846733 -98.618729 72.366943 0.197754 0.000000 0.109033 5.000000 2.000000 2250.000000 2250.000000 2250.000000
176 11691.000000 11691.000000 40.847935 -98.611862 72.240601 0.230713 0.000000 0.096329 5.000000 2.000000 2250.000000 2250.000000 2250.000000
177 11692.000000 11691.000000 40.849308 -98.604828 72.383423 0.329590 0.000000 0.097323 5.000000 2.000000 2250.000000 2250.000000 2250.000000
178 11691.000000 11691.000000 40.850510 -98.598305 72.394409 0.384521 0.000000 0.095323 5.000000 2.000000 2250.000000 2250.000000 2250.000000
179 11692.000000 11691.000000 40.851883 -98.591438 72.399902 0.285645 0.000000 0.092387 5.000000 2.000000 2250.000000 2250.000000 2250.000000
180 11694.000000 11692.000000 40.853085 -98.584915 72.421875 0.296631 0.000000 0.096437 5.000000 2.000000 2250.000000 1750.000000 1750.000000
181 11691.000000 11692.000000 40.854458 -98.578049 72.520752 0.263672 0.000000 0.103304 5.000000 2.000000 1750.000000 1750.000000 1750.000000
182 11692.000000 11691.000000 40.855659 -98.571526 72.625122 0.219727 0.000000 0.090742 5.000000 2.000000 1750.000000 1750.000000 1750.000000
183 11686.000000 11690.000000 40.856861 -98.564827 72.625122 0.230713 0.000000 0.098381 5.000000 2.000000 1750.000000 1750.000000 1750.000000
184 11699.000000 11687.000000 40.858234 -98.557961 72.636108 0.758057 0.000000 0.079430 5.000000 2.000000 1750.000000 1750.000000 1750.000000
185 11764.000000 11716.000000 40.859436 -98.551613 72.355957 0.384521 0.000000 0.079170 5.000000 2.000000 1750.000000 1750.000000 1750.000000
186 11902.000000 11805.000000 40.860638 -98.544914 71.685791 -0.131836 0.000000 0.079326 5.000000 2.000000 1750.000000 1750.000000 1750.000000
187 12021.000000 11931.000000 40.861839 -98.538567 71.345215 0.296631 0.000000 0.084476 5.000000 2.000000 1750.000000 1750.000000 1750.000000
188 12167.000000 12063.000000 40.863041 -98.532211 71.488037 0.834961 0.000000 0.070473 5.000000 2.000000 1750.000000 1750.000000 1750.000000
189 12282.000000 12195.000000 40.864243 -98.525688 71.828613 0.944824 0.076923 0.067432 5.000000 2.000000 1750.000000 1750.000000 1750.000000
190 12429.000000 12325.000000 40.865444 -98.518997 71.954956 0.505371 0.076923 0.079709 5.000000 2.000000 1750.000000 1750.000000 1750.000000
191 12550.000000 12458.000000 40.866646 -98.512642 72.301025 0.142822 0.000000 0.082805 5.000000 2.000000 1750.000000 1750.000000 1750.000000
192 12704.000000 12595.000000 40.867847 -98.506119 72.333984 -0.076904 0.065934 0.070500 5.000000 2.000000 1750.000000 1750.000000 1750.000000
193 12831.000000 12735.000000 40.869049 -98.499939 72.251587 -0.131836 0.065934 0.060476 5.000000 2.000000 1750.000000 1750.000000 1750.000000
194 12990.000000 12879.000000 40.870251 -98.493416 71.746216 -0.164795 0.087912 0.070577 5.000000 2.000000 1750.000000 1750.000000 1750.000000
195 13113.000000 13020.000000 40.871452 -98.487068 70.971680 0.076904 0.087912 0.105028 5.000000 2.000000 1750.000000 1750.000000 1750.000000
196 13264.000000 13156.000000 40.872654 -98.480888 70.724487 0.395508 0.000000 0.077047 5.000000 2.000000 1750.000000 1750.000000 1750.000000
197 13383.000000 13292.000000 40.873856 -98.474365 70.466309 0.186768 0.076923 0.092513 5.000000 2.000000 1750.000000 1750.000000 1750.000000
198 13504.000000 13419.000000 40.875057 -98.468185 70.405884 0.175781 0.076923 0.080611 5.000000 2.000000 1750.000000 1750.000000 1750.000000
199 13571.000000 13519.000000 40.876259 -98.461662 70.372925 0.230713 0.000000 0.086673 5.000000 2.000000 1750.000000 1750.000000 1750.000000
200 13621.000000 13586.000000 40.877460 -98.455307 70.438843 0.472412 0.065934 0.065359 5.000000 2.000000 1750.000000 1750.000000 1750.000000
201 13640.000000 13625.000000 40.878834 -98.448616 70.537720 0.461426 0.065934 0.061431 5.000000 2.000000 1750.000000 1750.000000 1750.000000
202 13646.000000 13642.000000 40.880035 -98.441750 70.576172 0.439453 0.032967 0.033323 5.000000 2.000000 1750.000000 1750.000000 1750.000000
203 13645.000000 13645.000000 40.881409 -98.435051 70.691528 0.538330 0.032967 0.026483 5.000000 2.000000 1750.000000 1750.000000 1750.000000
204 13642.000000 13644.000000 40.882610 -98.428185 70.762939 0.373535 0.032967 0.015989 5.000000 2.000000 1750.000000 1750.000000 1750.000000
205 13638.000000 13640.000000 40.883984 -98.421318 70.850830 0.230713 0.000000 0.026436 5.000000 2.000000 1750.000000 1750.000000 1750.000000
206 13635.000000 13636.000000 40.885357 -98.414284 70.773926 0.164795 0.000000 0.029613 5.000000 2.000000 1750.000000 1750.000000 1750.000000
207 13631.000000 13633.000000 40.886559 -98.407417 70.823364 0.318604 0.000000 0.031694 5.000000 2.000000 1750.000000 1750.000000 1750.000000
208 13625.000000 13628.000000 40.887932 -98.400375 70.867310 0.417480 0.000000 0.032080 5.000000 2.000000 1750.000000 1750.000000 1750.000000
209 13628.000000 13626.000000 40.889305 -98.393166 70.971680 0.538330 0.000000 0.032288 5.000000 2.000000 1750.000000 1750.000000 1750.000000
210 13626.000000 13628.000000 40.890678 -98.386299 71.070557 0.571289 0.000000 0.017424 5.000000 2.000000 1750.000000 1750.000000 1750.000000
211 13626.000000 13626.000000 40.892052 -98.379265 71.130981 0.461426 0.000000 0.037884 5.000000 2.000000 1750.000000 1750.000000 1750.000000
212 13633.000000 13629.000000 40.893253 -98.372398 71.180420 0.296631 0.000000 0.019288 5.000000 2.000000 1750.000000 1750.000000 1750.000000
213 13632.000000 13632.000000 40.894627 -98.365356 71.163940 0.274658 0.000000 0.024473 5.000000 2.000000 1750.000000 1750.000000 1750.000000
214 13637.000000 13632.000000 40.895828 -98.358490 71.114502 0.274658 0.000000 0.019073 5.000000 2.000000 1750.000000 1750.000000 1750.000000
215 13638.000000 13636.000000 40.897202 -98.351456 71.087036 0.307617 0.021978 0.020641 5.000000 2.000000 1750.000000 1750.000000 1750.000000
216 13633.000000 13635.000000 40.898575 -98.344414 71.196899 0.329590 0.032967 0.023993 5.000000 2.000000 1750.000000 1750.000000 1750.000000
217 13637.000000 13634.000000 40.899776 -98.337547 71.295776 0.483398 0.032967 0.025853 5.000000 2.000000 1750.000000 1750.000000 1750.000000
218 13635.000000 13636.000000 40.901150 -98.330513 71.317749 0.472412 0.021978 0.030107 5.000000 2.000000 1750.000000 1750.000000 1750.000000
219 13635.000000 13635.000000 40.902351 -98.323814 71.361694 0.362549 0.000000 0.023774 5.000000 2.000000 1750.000000 1750.000000 1750.000000
220 13639.000000 13637.000000 40.903553 -98.316780 71.444092 0.362549 0.000000 0.030397 5.000000 2.000000 1750.000000 1750.000000 1750.000000
221 13638.000000 13638.000000 40.904755 -98.309738 71.504517 0.252686 0.000000 0.025385 5.000000 2.000000 1750.000000 1750.000000 1750.000000
222 13639.000000 13637.000000 40.906128 -98.302872 71.575928 0.263672 0.000000 0.046779 5.000000 2.000000 1750.000000 1750.000000 1750.000000
223 13638.000000 13638.000000 40.907330 -98.295837 71.548462 0.186768 0.000000 0.056542 5.000000 2.000000 1750.000000 1750.000000 1750.000000
224 13637.000000 13637.000000 40.908531 -98.289139 71.504517 0.208740 0.000000 0.042207 5.000000 2.000000 1750.000000 1750.000000 1750.000000
225 13635.000000 13635.000000 40.909904 -98.282104 71.455078 0.087891 0.000000 0.049846 5.000000 2.000000 1750.000000 1750.000000 1750.000000
226 13634.000000 13634.000000 40.911106 -98.275406 71.378174 0.076904 0.000000 0.038868 5.000000 2.000000 1750.000000 1750.000000 1750.000000
227 13633.000000 13634.000000 40.912308 -98.268539 71.356201 0.175781 0.000000 0.037115 5.000000 2.000000 1750.000000 1750.000000 1750.000000
228 13636.000000 13634.000000 40.913681 -98.261505 71.339722 0.263672 0.000000 0.021538 5.000000 2.000000 1750.000000 1750.000000 1750.000000
229 13636.000000 13635.000000 40.914883 -98.254807 71.306763 0.274658 0.000000 0.021607 5.000000 2.000000 1750.000000 1750.000000 1750.000000
230 13635.000000 13635.000000 40.916084 -98.247940 71.334229 0.219727 0.000000 0.011405 5.000000 2.000000 1750.000000 1750.000000 1750.000000
231 13634.000000 13634.000000 40.917286 -98.241249 71.367188 0.131836 0.000000 0.017750 5.000000 2.000000 1750.000000 1750.000000 1750.000000
232 13631.000000 13632.000000 40.918831 -98.233177 71.323242 0.153809 0.000000 0.018549 5.000000 2.000000 1750.000000 1750.000000 1750.000000
233 13632.000000 13631.000000 40.920033 -98.226143 71.152954 0.153809 0.000000 0.009459 5.000000 2.000000 1750.000000 1750.000000 1750.000000
234 13632.000000 13632.000000 40.921234 -98.219620 71.065063 0.197754 0.000000 0.012761 5.000000 2.000000 1750.000000 1750.000000 1750.000000
235 13634.000000 13632.000000 40.922607 -98.212753 71.076050 0.516357 0.000000 0.018602 5.000000 2.000000 1750.000000 1750.000000 1750.000000
236 13634.000000 13633.000000 40.923809 -98.205887 71.169434 0.329590 0.000000 0.010983 5.000000 2.000000 1750.000000 1750.000000 1750.000000
237 13630.000000 13632.000000 40.925011 -98.199188 71.136475 0.252686 0.000000 0.016921 5.000000 2.000000 1750.000000 1750.000000 1750.000000
238 13634.000000 13631.000000 40.926212 -98.192322 71.158447 0.076904 0.000000 0.010554 5.000000 2.000000 1750.000000 1750.000000 1750.000000
239 13631.000000 13634.000000 40.927414 -98.185799 71.251831 0.076904 0.000000 0.014851 5.000000 2.000000 1750.000000 1750.000000 1750.000000
240 13630.000000 13631.000000 40.928616 -98.178932 71.246338 0.241699 0.000000 0.009982 5.000000 2.000000 1750.000000 1750.000000 1750.000000
241 13632.000000 13631.000000 40.929989 -98.172066 71.323242 0.186768 0.000000 0.007949 5.000000 2.000000 1750.000000 1750.000000 1750.000000
242 13628.000000 13630.000000 40.931190 -98.165543 71.328735 0.131836 0.000000 0.024137 5.000000 2.000000 1750.000000 1750.000000 1750.000000
243 13629.000000 13627.000000 40.932392 -98.158852 71.185913 0.241699 0.000000 0.016999 5.000000 2.000000 1750.000000 1750.000000 1750.000000
244 13630.000000 13628.000000 40.933594 -98.152328 71.257324 0.241699 0.000000 0.013829 5.000000 2.000000 1750.000000 1750.000000 1750.000000
245 13626.000000 13627.000000 40.934795 -98.145462 71.301270 0.274658 0.000000 0.009384 5.000000 2.000000 1750.000000 1750.000000 1750.000000
246 13630.000000 13627.000000 40.935997 -98.138939 71.499023 0.428467 0.000000 0.017647 5.000000 2.000000 1750.000000 1750.000000 1750.000000
247 13628.000000 13629.000000 40.937199 -98.132240 71.510010 0.307617 0.032967 0.020981 5.000000 2.000000 1750.000000 1750.000000 1750.000000
248 13628.000000 13628.000000 40.938400 -98.125717 71.564941 0.307617 0.021978 0.005074 5.000000 2.000000 1750.000000 1750.000000 1750.000000
249 13630.000000 13628.000000 40.939602 -98.119026 71.608887 0.131836 0.010989 -0.002236 5.000000 2.000000 1750.000000 1750.000000 1750.000000
250 13628.000000 13629.000000 40.940975 -98.112503 71.427612 0.428467 0.032967 0.020081 5.000000 2.000000 1750.000000 1750.000000 1750.000000
251 13629.000000 13628.000000 40.942177 -98.105804 71.564941 0.274658 0.032967 0.021627 5.000000 2.000000 1750.000000 1750.000000 1750.000000
252 13629.000000 13628.000000 40.943378 -98.099113 71.652832 0.351562 0.000000 0.010015 5.000000 2.000000 1750.000000 1750.000000 1750.000000
253 13629.000000 13629.000000 40.944580 -98.092590 71.597900 0.318604 0.010989 0.008648 5.000000 2.000000 1750.000000 1750.000000 1750.000000
254 13631.000000 13629.000000 40.945782 -98.085892 71.493530 0.186768 0.010989 0.005237 5.000000 2.000000 1750.000000 1750.000000 1750.000000
255 13630.000000 13630.000000 40.946983 -98.079544 71.499023 0.186768 0.010989 0.014651 5.000000 2.000000 1750.000000 1750.000000 1750.000000
256 13630.000000 13630.000000 40.948185 -98.072845 71.531982 0.494385 0.021978 0.013441 5.000000 2.000000 1750.000000 1750.000000 1750.000000
257 13629.000000 13629.000000 40.949387 -98.066154 71.531982 0.175781 0.000000 0.007348 5.000000 2.000000 1750.000000 1750.000000 1750.000000
258 13629.000000 13629.000000 40.950588 -98.059631 71.641846 0.373535 0.000000 0.002418 5.000000 2.000000 1750.000000 1750.000000 1750.000000
259 13627.000000 13628.000000 40.951790 -98.052933 71.663818 0.318604 0.000000 0.003933 5.000000 2.000000 1750.000000 1750.000000 1750.000000
260 13627.000000 13627.000000 40.952991 -98.046585 71.757202 0.285645 0.000000 0.000762 5.000000 2.000000 1750.000000 1750.000000 1750.000000
261 13627.000000 13627.000000 40.954193 -98.039886 71.586914 0.318604 0.000000 0.007292 5.000000 2.000000 1750.000000 1750.000000 1750.000000
262 13628.000000 13627.000000 40.955223 -98.033195 71.636353 0.428467 0.000000 -0.000774 5.000000 2.000000 1750.000000 1750.000000 1750.000000
263 13626.000000 13627.000000 40.956596 -98.026840 71.586914 0.417480 0.010989 -0.002382 5.000000 2.000000 1750.000000 1750.000000 1750.000000
264 13626.000000 13626.000000 40.957798 -98.020149 71.592407 0.186768 0.010989 0.007205 5.000000 2.000000 1750.000000 1750.000000 1750.000000
265 13627.000000 13626.000000 40.958828 -98.013794 71.680298 0.263672 0.010989 0.016059 5.000000 2.000000 1750.000000 1750.000000 1750.000000
266 13627.000000 13627.000000 40.960030 -98.007271 71.614380 0.230713 0.010989 -0.008945 5.000000 2.000000 1750.000000 1750.000000 1750.000000
267 13627.000000 13627.000000 40.961231 -98.000923 71.718750 0.461426 0.000000 -0.005067 5.000000 2.000000 1750.000000 1750.000000 1750.000000
268 13627.000000 13627.000000 40.962433 -97.994225 71.724243 0.241699 0.000000 -0.005806 5.000000 2.000000 1750.000000 1750.000000 1750.000000
269 13627.000000 13626.000000 40.963634 -97.987534 71.746216 0.318604 0.000000 -0.024716 5.000000 2.000000 1750.000000 1750.000000 1750.000000
270 13629.000000 13627.000000 40.964836 -97.981178 71.762695 0.186768 0.000000 -0.020100 5.000000 2.000000 1750.000000 1750.000000 1750.000000
271 13629.000000 13628.000000 40.965866 -97.974655 71.735229 0.186768 0.000000 -0.032878 5.000000 2.000000 1750.000000 1750.000000 1750.000000
272 13629.000000 13628.000000 40.967068 -97.968307 71.784668 0.263672 0.000000 -0.027060 5.000000 2.000000 1750.000000 1750.000000 1750.000000
273 13629.000000 13629.000000 40.968269 -97.961784 71.900024 0.450439 0.000000 -0.036109 5.000000 2.000000 1750.000000 1750.000000 1750.000000
274 13651.000000 13632.000000 40.969471 -97.955261 71.339722 -0.604248 0.000000 -0.034116 5.000000 2.000000 1750.000000 1750.000000 1750.000000
275 13731.000000 13671.000000 40.970673 -97.948906 70.631104 -0.186768 0.000000 -0.035506 5.000000 2.000000 1750.000000 1750.000000 1750.000000
276 13878.000000 13773.000000 40.971874 -97.942726 70.515747 1.120605 0.000000 -0.010205 5.000000 2.000000 1750.000000 1750.000000 1750.000000
277 14002.000000 13907.000000 40.973076 -97.936203 70.966187 1.845703 0.000000 0.000781 5.000000 2.000000 1750.000000 1750.000000 1750.000000
278 14160.000000 14047.000000 40.974106 -97.929855 71.378174 1.296387 0.000000 0.005696 5.000000 2.000000 1750.000000 1750.000000 1750.000000
279 14285.000000 14188.000000 40.975307 -97.923332 71.647339 0.670166 0.000000 0.010827 5.000000 2.000000 1750.000000 1750.000000 1750.000000
280 14443.000000 14329.000000 40.976337 -97.916809 72.108765 0.351562 0.000000 0.012557 5.000000 2.000000 1750.000000 1750.000000 1750.000000
281 14573.000000 14472.000000 40.977539 -97.910454 71.823120 0.109863 0.000000 0.016507 5.000000 2.000000 1750.000000 1750.000000 1750.000000
282 14736.000000 14618.000000 40.978741 -97.903763 71.669312 0.241699 0.000000 0.023420 5.000000 2.000000 1750.000000 1750.000000 1750.000000
283 14866.000000 14764.000000 40.979771 -97.897408 71.202393 0.175781 0.000000 0.019965 5.000000 2.000000 1750.000000 1750.000000 1750.000000
284 14995.000000 14908.000000 40.980972 -97.890541 71.636353 0.186768 0.000000 0.021773 5.000000 2.000000 1750.000000 1750.000000 1750.000000
285 15162.000000 15056.000000 40.982174 -97.884193 71.740723 0.076904 0.021978 0.026953 5.000000 2.000000 1750.000000 1750.000000 1750.000000
286 15290.000000 15204.000000 40.983376 -97.877327 71.932983 0.637207 0.021978 0.020014 5.000000 2.000000 1750.000000 1750.000000 1750.000000
287 15422.000000 15341.000000 40.984406 -97.870804 72.235107 0.472412 0.021978 0.037935 5.000000 2.000000 1750.000000 1750.000000 1750.000000
288 15508.000000 15447.000000 40.985607 -97.863762 71.954956 -0.076904 0.021978 0.011560 5.000000 2.000000 1750.000000 1750.000000 1750.000000
289 15551.000000 15517.000000 40.986980 -97.857071 71.828613 -0.054932 0.021978 0.025131 5.000000 2.000000 1750.000000 1750.000000 1750.000000
290 15578.000000 15559.000000 40.988182 -97.849686 71.790161 -0.109863 0.000000 -0.011839 5.000000 2.000000 1750.000000 1750.000000 1750.000000
291 15580.000000 15578.000000 40.989384 -97.842308 71.768188 0.109863 -0.010989 -0.004172 5.000000 2.000000 1750.000000 1750.000000 1750.000000
292 15578.000000 15579.000000 40.990757 -97.835098 71.878052 0.340576 0.000000 -0.006204 5.000000 2.000000 1750.000000 1750.000000 1750.000000
293 15573.000000 15576.000000 40.992130 -97.827545 71.883545 0.494385 0.000000 -0.011017 5.000000 2.000000 1750.000000 1750.000000 1750.000000
294 15564.000000 15569.000000 40.993504 -97.820335 72.064819 0.516357 -0.010989 -0.014232 5.000000 2.000000 1750.000000 1750.000000 1750.000000
295 15561.000000 15563.000000 40.994877 -97.812607 72.202148 0.582275 -0.010989 -0.015769 5.000000 2.000000 1750.000000 1750.000000 1750.000000
296 15554.000000 15559.000000 40.996250 -97.804886 72.344971 0.538330 -0.010989 -0.008360 5.000000 2.000000 1750.000000 1750.000000 1750.000000
297 15552.000000 15554.000000 40.997623 -97.797501 72.806396 0.670166 -0.010989 -0.013504 5.000000 2.000000 1750.000000 1750.000000 1750.000000
298 15553.000000 15552.000000 40.998997 -97.789604 72.630615 -0.120850 -0.021978 -0.001745 5.000000 2.000000 1750.000000 1750.000000 1750.000000
299 15555.000000 15553.000000 41.000713 -97.779648 72.531738 -0.098877 0.010989 0.010972 5.000000 2.000000 1750.000000 1750.000000 1750.000000
300 15558.000000 15555.000000 41.002087 -97.772270 72.388916 0.208740 0.010989 0.002128 5.000000 2.000000 1750.000000 1750.000000 1750.000000
301 15559.000000 15558.000000 41.003460 -97.764542 72.355957 0.362549 0.000000 0.006581 5.000000 2.000000 1750.000000 1750.000000 1750.000000
302 15562.000000 15560.000000 41.004833 -97.756821 72.388916 0.340576 0.000000 0.004423 5.000000 2.000000 1750.000000 1750.000000 1750.000000
303 15564.000000 15562.000000 41.006035 -97.749611 72.410889 0.318604 0.000000 0.009643 5.000000 2.000000 1750.000000 1750.000000 1750.000000
304 15564.000000 15564.000000 41.007408 -97.741882 72.493286 0.142822 0.010989 0.016578 5.000000 2.000000 1750.000000 1750.000000 1750.000000
305 15564.000000 15563.000000 41.008781 -97.734673 72.592163 0.208740 0.000000 0.011561 5.000000 2.000000 1750.000000 1750.000000 1750.000000
306 15564.000000 15563.000000 41.009983 -97.727119 72.515259 0.175781 0.000000 0.006755 5.000000 2.000000 1750.000000 1750.000000 1750.000000
307 15559.000000 15561.000000 41.011356 -97.719566 72.542725 0.274658 0.000000 -0.004180 5.000000 2.000000 1750.000000 1750.000000 1750.000000
308 15561.000000 15559.000000 41.012730 -97.712357 72.515259 0.000000 0.000000 -0.008692 5.000000 2.000000 1750.000000 1750.000000 1750.000000
309 15563.000000 15561.000000 41.014103 -97.704803 72.416382 0.087891 0.000000 0.009183 5.000000 2.000000 1750.000000 1750.000000 1750.000000
310 15564.000000 15563.000000 41.015305 -97.697594 72.185669 -0.571289 0.000000 0.016326 5.000000 2.000000 1750.000000 1750.000000 1750.000000
311 15565.000000 15564.000000 41.016678 -97.690216 71.856079 -0.010986 0.000000 0.026120 5.000000 2.000000 1750.000000 1750.000000 1750.000000
312 15564.000000 15564.000000 41.018051 -97.683006 71.564941 -0.450439 0.000000 0.001934 5.000000 2.000000 1750.000000 1750.000000 1750.000000
313 15566.000000 15564.000000 41.019424 -97.675621 71.542969 0.494385 0.010989 0.005194 5.000000 2.000000 1750.000000 1750.000000 1750.000000
314 15567.000000 15565.000000 41.020798 -97.668587 71.768188 1.296387 0.021978 0.017496 5.000000 2.000000 1750.000000 1750.000000 1750.000000
315 15569.000000 15567.000000 41.022171 -97.661201 72.163696 1.428223 0.021978 0.026481 5.000000 2.000000 1750.000000 1750.000000 1750.000000
316 15568.000000 15568.000000 41.023373 -97.653992 72.438354 1.120605 0.021978 0.013832 5.000000 2.000000 1750.000000 1750.000000 1750.000000
317 15569.000000 15567.000000 41.024746 -97.646614 72.844849 0.582275 0.000000 0.014460 5.000000 2.000000 1750.000000 1750.000000 1750.000000
318 15568.000000 15568.000000 41.025948 -97.639572 72.971191 0.802002 0.000000 -0.010111 5.000000 2.000000 1750.000000 1750.000000 1750.000000
319 15567.000000 15567.000000 41.027149 -97.632019 73.262329 0.966797 -0.010989 -0.014591 5.000000 2.000000 1750.000000 1750.000000 1750.000000
320 15567.000000 15567.000000 41.028351 -97.624985 73.597412 0.681152 0.000000 0.012046 5.000000 2.000000 1750.000000 1750.000000 1750.000000
321 15568.000000 15567.000000 41.029724 -97.617599 73.657837 0.549316 0.010989 -0.013059 5.000000 2.000000 1750.000000 1750.000000 1750.000000
322 15567.000000 15567.000000 41.030754 -97.610390 73.696289 0.340576 0.000000 -0.007003 5.000000 2.000000 1750.000000 1750.000000 1750.000000
323 15562.000000 15565.000000 41.032127 -97.603012 73.608398 0.109863 0.000000 -0.010008 5.000000 2.000000 1750.000000 1750.000000 1750.000000
324 15562.000000 15561.000000 41.033329 -97.595970 73.520508 0.241699 0.000000 -0.004113 5.000000 2.000000 1750.000000 1750.000000 1750.000000
325 15563.000000 15562.000000 41.034531 -97.588593 73.536987 0.329590 0.000000 0.009773 5.000000 2.000000 1750.000000 1750.000000 1750.000000
326 15562.000000 15562.000000 41.035732 -97.581207 73.443604 0.109863 0.010989 0.010437 5.000000 2.000000 1750.000000 1750.000000 1750.000000
327 15565.000000 15563.000000 41.036934 -97.574173 73.372192 0.197754 0.021978 0.014932 5.000000 2.000000 1750.000000 1750.000000 1750.000000
328 15563.000000 15564.000000 41.038136 -97.566788 73.377686 0.285645 0.021978 0.014125 5.000000 2.000000 1750.000000 1750.000000 1750.000000
329 15563.000000 15562.000000 41.039337 -97.559753 73.328247 0.252686 0.021978 0.016823 5.000000 2.000000 1750.000000 1750.000000 1750.000000
330 15565.000000 15563.000000 41.040539 -97.552368 73.328247 0.274658 0.010989 0.003105 5.000000 2.000000 1750.000000 1750.000000 1750.000000
331 15561.000000 15563.000000 41.041740 -97.545334 73.295288 0.263672 0.010989 -0.000003 5.000000 2.000000 1750.000000 1750.000000 1750.000000
332 15558.000000 15560.000000 41.043114 -97.537949 73.234863 0.296631 0.000000 -0.003380 5.000000 2.000000 1750.000000 1750.000000 1750.000000
333 15546.000000 15555.000000 41.044315 -97.530571 73.262329 0.329590 -0.010989 -0.000553 5.000000 2.000000 1750.000000 1750.000000 1750.000000
334 15524.000000 15539.000000 41.045517 -97.523529 73.245850 0.373535 0.000000 0.007675 5.000000 2.000000 1750.000000 1750.000000 1750.000000
335 15509.000000 15520.000000 41.046719 -97.516151 73.146973 0.384521 0.010989 -0.010302 5.000000 2.000000 1750.000000 1750.000000 1750.000000
336 15496.000000 15504.000000 41.047920 -97.509109 73.130493 0.373535 0.000000 -0.008983 5.000000 2.000000 1750.000000 1750.000000 1750.000000
337 15493.000000 15495.000000 41.049122 -97.501556 73.201904 0.285645 0.000000 -0.021353 5.000000 2.000000 1750.000000 1750.000000 1750.000000
338 15495.000000 15493.000000 41.050495 -97.494179 73.179932 0.340576 0.000000 -0.019295 5.000000 2.000000 1750.000000 1750.000000 1750.000000
339 15498.000000 15495.000000 41.051697 -97.487137 73.075562 0.153809 0.000000 -0.010239 5.000000 2.000000 1750.000000 1750.000000 1750.000000
340 15501.000000 15499.000000 41.052898 -97.479759 73.053589 0.230713 0.000000 -0.031867 5.000000 2.000000 1750.000000 1750.000000 1750.000000
341 15500.000000 15501.000000 41.054100 -97.472717 73.020630 0.274658 0.000000 -0.026403 5.000000 2.000000 1750.000000 1750.000000 1750.000000
342 15499.000000 15500.000000 41.055302 -97.465340 73.240356 0.395508 0.000000 -0.017702 5.000000 2.000000 1750.000000 1750.000000 1750.000000
343 15501.000000 15500.000000 41.056503 -97.458298 73.245850 0.208740 0.000000 -0.025259 5.000000 2.000000 1750.000000 1750.000000 1750.000000
344 15499.000000 15500.000000 41.057705 -97.450920 73.179932 0.142822 0.000000 -0.027895 5.000000 2.000000 1750.000000 1750.000000 1750.000000
345 15500.000000 15498.000000 41.058907 -97.444054 73.103027 0.296631 0.000000 -0.029928 5.000000 2.000000 1750.000000 1750.000000 1750.000000
346 15499.000000 15499.000000 41.060280 -97.436668 73.075562 0.318604 0.000000 -0.005298 5.000000 2.000000 1750.000000 1750.000000 1750.000000
347 15496.000000 15497.000000 41.061481 -97.429291 73.119507 0.252686 0.000000 -0.008537 5.000000 2.000000 1750.000000 1750.000000 1750.000000
348 15497.000000 15496.000000 41.062683 -97.422249 73.135986 0.274658 0.000000 -0.010820 5.000000 2.000000 1750.000000 1750.000000 1750.000000
349 15496.000000 15497.000000 41.063885 -97.414871 73.097534 0.263672 0.000000 0.013354 5.000000 2.000000 1750.000000 1750.000000 1750.000000
350 15495.000000 15496.000000 41.065086 -97.408005 73.070068 0.252686 0.000000 -0.010122 5.000000 2.000000 1750.000000 1750.000000 1750.000000
351 15495.000000 15495.000000 41.066288 -97.400620 73.081055 0.340576 0.000000 0.006150 5.000000 2.000000 1750.000000 1750.000000 1750.000000
352 15491.000000 15493.000000 41.067661 -97.393242 73.119507 0.329590 -0.021978 -0.005979 5.000000 2.000000 1750.000000 1750.000000 1750.000000
353 15493.000000 15491.000000 41.068691 -97.386200 73.141479 0.296631 -0.021978 -0.006143 5.000000 2.000000 1750.000000 1750.000000 1750.000000
354 15496.000000 15493.000000 41.070065 -97.378990 73.114014 0.318604 -0.010989 0.002161 5.000000 2.000000 1750.000000 1750.000000 1750.000000
355 15495.000000 15494.000000 41.071266 -97.371956 73.092041 0.362549 0.000000 0.000872 5.000000 2.000000 1750.000000 1750.000000 1750.000000
356 15496.000000 15495.000000 41.072468 -97.364571 73.130493 0.263672 -0.010989 -0.005740 5.000000 2.000000 1750.000000 1750.000000 1750.000000
357 15494.000000 15495.000000 41.073669 -97.357361 73.311768 0.373535 -0.010989 -0.004530 5.000000 2.000000 1750.000000 1750.000000 1750.000000
358 15493.000000 15493.000000 41.074871 -97.350327 73.207397 0.351562 0.000000 0.006499 5.000000 2.000000 1750.000000 1750.000000 1750.000000
359 15493.000000 15493.000000 41.076073 -97.343117 73.141479 0.307617 0.010989 0.002956 5.000000 2.000000 1750.000000 1750.000000 1750.000000
360 15489.000000 15491.000000 41.077274 -97.336075 73.141479 0.285645 0.000000 -0.012580 5.000000 2.000000 1750.000000 1750.000000 1750.000000
361 15490.000000 15489.000000 41.078476 -97.328697 73.251343 0.373535 0.000000 -0.002776 5.000000 2.000000 1750.000000 1750.000000 1750.000000
362 15494.000000 15491.000000 41.079678 -97.321831 73.267822 0.252686 0.000000 -0.014206 5.000000 2.000000 1750.000000 1750.000000 1750.000000
363 15493.000000 15493.000000 41.080879 -97.314445 73.223877 0.219727 -0.010989 -0.033623 5.000000 2.000000 1750.000000 1750.000000 1750.000000
364 15495.000000 15493.000000 41.082081 -97.307236 73.234863 0.219727 -0.010989 -0.031022 5.000000 2.000000 1750.000000 1750.000000 1750.000000
365 15495.000000 15494.000000 41.082939 -97.302773 73.295288 0.230713 0.000000 -0.031022 5.000000 2.000000 1750.000000 1750.000000 1750.000000
