0, -1337 
1, -1286 
2, -1174 
3, -1086 
4, -1093 
5, -1200 
6, -1333 
7, -1430 
8, -1462 
9, -1434 
10, -1314 
11, -1111 
12, -922 
13, -817 
14, -848 
15, -1002 
16, -1222 
17, -1453 
18, -1593 
19, -1608 
20, -1531 
21, -1348 
22, -1063 
23, -686 
24, -228 
25, 256 
26, 744 
27, 1241 
28, 1654 
29, 1910 
30, 2007 
31, 1934 
32, 1727 
33, 1494 
34, 1336 
35, 1344 
36, 1459 
37, 1626 
38, 1795 
39, 1850 
40, 1729 
41, 1460 
42, 1136 
43, 858 
44, 727 
45, 842 
46, 1208 
47, 1741 
48, 2281 
49, 2697 
50, 2906 
51, 2879 
52, 2623 
53, 2181 
54, 1650 
55, 1121 
56, 660 
57, 291 
58, 40 
59, -130 
60, -243 
61, -299 
62, -333 
63, -381 
64, -510 
65, -693 
66, -919 
67, -1172 
68, -1398 
69, -1563 
70, -1630 
71, -1597 
72, -1460 
73, -1278 
74, -1129 
75, -1066 
76, -1114 
77, -1259 
78, -1447 
79, -1651 
80, -1831 
81, -1932 
82, -1937 
83, -1872 
84, -1754 
85, -1609 
86, -1480 
87, -1371 
88, -1303 
89, -1263 
90, -1238 
91, -1243 
92, -1213 
93, -1118 
94, -947 
95, -694 
96, -374 
97, -24 
98, 349 
99, 688 
100, 944 
101, 1100 
102, 1165 
103, 1150 
104, 1098 
105, 1044 
106, 1009 
107, 984 
108, 972 
109, 972 
110, 969 
111, 951 
112, 932 
113, 930 
114, 949 
115, 986 
116, 1059 
117, 1147 
118, 1235 
119, 1304 
120, 1347 
121, 1369 
122, 1345 
123, 1277 
124, 1176 
125, 1030 
126, 844 
127, 625 
128, 382 
129, 123 
130, -134 
131, -363 
132, -564 
133, -732 
134, -865 
135, -954 
136, -1017 
137, -1065 
138, -1072 
139, -1084 
140, -1078 
141, -1069 
142, -1079 
143, -1094 
144, -1125 
145, -1171 
146, -1216 
147, -1246 
148, -1263 
149, -1271 
150, -1262 
151, -1247 
152, -1237 
153, -1210 
154, -1189 
155, -1172 
156, -1154 
157, -1114 
158, -1013 
159, -890 
160, -755 
161, -579 
162, -330 
163, 20 
164, 446 
165, 853 
166, 1146 
167, 1279 
168, 1282 
169, 1263 
170, 1318 
171, 1466 
172, 1708 
173, 1968 
174, 2147 
175, 2204 
176, 2134 
177, 1961 
178, 1723 
179, 1507 
180, 1384 
181, 1355 
182, 1400 
183, 1454 
184, 1486 
185, 1536 
186, 1547 
187, 1504 
188, 1420 
189, 1300 
190, 1158 
191, 996 
192, 850 
193, 722 
194, 597 
195, 444 
196, 233 
197, -28 
198, -302 
199, -570 
200, -822 
201, -1038 
202, -1211 
203, -1315 
204, -1386 
205, -1479 
206, -1582 
207, -1660 
208, -1688 
209, -1672 
210, -1623 
211, -1550 
212, -1485 
213, -1434 
214, -1405 
215, -1378 
216, -1338 
217, -1308 
218, -1281 
219, -1256 
220, -1237 
221, -1214 
222, -1187 
223, -1146 
224, -1082 
225, -978 
226, -871 
227, -783 
228, -706 
229, -655 
230, -589 
231, -522 
232, -462 
233, -397 
234, -322 
235, -230 
236, -170 
237, -139 
238, -131 
239, -135 
240, -150 
241, -212 
242, -306 
243, -454 
244, -665 
245, -861 
246, -1004 
247, -1108 
248, -1165 
249, -1215 
250, -1275 
251, -1308 
252, -1304 
253, -1289 
254, -1304 
255, -1358 
256, -1431 
257, -1459 
258, -1426 
259, -1335 
260, -1206 
261, -1066 
262, -949 
263, -875 
264, -847 
265, -908 
266, -1038 
267, -1196 
268, -1333 
269, -1416 
270, -1420 
271, -1295 
272, -984 
273, -526 
274, -2 
275, 569 
276, 1123 
277, 1570 
278, 1834 
279, 1892 
280, 1789 
281, 1590 
282, 1391 
283, 1278 
284, 1327 
285, 1505 
286, 1740 
287, 1947 
288, 2018 
289, 1920 
290, 1658 
291, 1316 
292, 984 
293, 786 
294, 814 
295, 1067 
296, 1496 
297, 1980 
298, 2422 
299, 2722 
300, 2804 
301, 2654 
302, 2296 
303, 1812 
304, 1279 
305, 769 
306, 346 
307, 50 
308, -128 
309, -205 
310, -238 
311, -246 
312, -255 
313, -335 
314, -494 
315, -741 
316, -1026 
317, -1288 
318, -1489 
319, -1603 
320, -1611 
321, -1515 
322, -1358 
323, -1211 
324, -1130 
325, -1132 
326, -1232 
327, -1401 
328, -1605 
329, -1805 
330, -1932 
331, -1971 
332, -1919 
333, -1788 
334, -1634 
335, -1471 
336, -1321 
337, -1225 
338, -1194 
339, -1188 
340, -1192 
341, -1198 
342, -1137 
343, -1002 
344, -782 
345, -487 
346, -150 
347, 198 
348, 512 
349, 772 
350, 951 
351, 1054 
352, 1079 
353, 1051 
354, 1022 
355, 993 
356, 966 
357, 950 
358, 951 
359, 964 
360, 958 
361, 949 
362, 961 
363, 977 
364, 1009 
365, 1062 
366, 1117 
367, 1190 
368, 1249 
369, 1285 
370, 1297 
371, 1288 
372, 1242 
373, 1140 
374, 1027 
375, 858 
376, 637 
377, 427 
378, 206 
379, -31 
380, -247 
381, -448 
382, -612 
383, -741 
384, -854 
385, -935 
386, -980 
387, -1003 
388, -1016 
389, -1022 
390, -1031 
391, -1045 
392, -1070 
393, -1112 
394, -1164 
395, -1223 
396, -1256 
397, -1284 
398, -1292 
399, -1277 
400, -1260 
401, -1235 
402, -1214 
403, -1178 
404, -1151 
405, -1136 
406, -1094 
407, -1050 
408, -968 
409, -862 
410, -745 
411, -592 
412, -385 
413, -96 
414, 286 
415, 733 
416, 1136 
417, 1438 
418, 1605 
419, 1649 
420, 1643 
421, 1669 
422, 1762 
423, 1899 
424, 2082 
425, 2206 
426, 2193 
427, 2054 
428, 1780 
429, 1444 
430, 1138 
431, 944 
432, 904 
433, 993 
434, 1163 
435, 1340 
436, 1471 
437, 1558 
438, 1556 
439, 1471 
440, 1357 
441, 1228 
442, 1110 
443, 995 
444, 851 
445, 663 
446, 395 
447, 48 
448, -336 
449, -715 
450, -1058 
451, -1311 
452, -1466 
453, -1553 
454, -1590 
455, -1590 
456, -1578 
457, -1592 
458, -1589 
459, -1553 
460, -1485 
461, -1380 
462, -1282 
463, -1205 
464, -1158 
465, -1144 
466, -1150 
467, -1173 
468, -1203 
469, -1240 
470, -1254 
471, -1244 
472, -1232 
473, -1197 
474, -1134 
475, -1064 
476, -978 
477, -864 
478, -751 
479, -639 
480, -539 
481, -465 
482, -400 
483, -330 
484, -277 
485, -218 
486, -138 
487, -58 
488, -5 
489, 11 
490, -25 
491, -112 
492, -244 
493, -422 
494, -615 
495, -809 
496, -970 
497, -1112 
498, -1227 
499, -1299 
500, -1354 
501, -1381 
502, -1414 
503, -1483 
504, -1560 
505, -1653 
506, -1729 
507, -1732 
508, -1628 
509, -1405 
510, -1110 
511, -853 
512, -720 
513, -746 
514, -905 
515, -1105 
516, -1270 
517, -1378 
518, -1429 
519, -1418 
520, -1313 
521, -1102 
522, -781 
523, -382 
524, 41 
525, 514 
526, 997 
527, 1410 
528, 1691 
529, 1774 
530, 1679 
531, 1500 
532, 1355 
533, 1314 
534, 1426 
535, 1640 
536, 1853 
537, 2026 
538, 2046 
539, 1881 
540, 1590 
541, 1219 
542, 935 
543, 870 
544, 1040 
545, 1420 
546, 1909 
547, 2360 
548, 2686 
549, 2815 
550, 2725 
551, 2422 
552, 1980 
553, 1494 
554, 1021 
555, 619 
556, 333 
557, 139 
558, 10 
559, -80 
560, -121 
561, -139 
562, -198 
563, -321 
564, -533 
565, -780 
566, -1034 
567, -1277 
568, -1451 
569, -1529 
570, -1505 
571, -1401 
572, -1283 
573, -1224 
574, -1245 
575, -1344 
576, -1488 
577, -1665 
578, -1835 
579, -1958 
580, -1981 
581, -1919 
582, -1823 
583, -1684 
584, -1550 
585, -1432 
586, -1341 
587, -1299 
588, -1257 
589, -1248 
590, -1264 
591, -1230 
592, -1140 
593, -978 
594, -731 
595, -437 
596, -103 
597, 238 
598, 534 
599, 768 
600, 908 
601, 963 
602, 974 
603, 970 
604, 967 
605, 969 
606, 975 
607, 991 
608, 1009 
609, 1010 
610, 993 
611, 987 
612, 994 
613, 1031 
614, 1084 
615, 1168 
616, 1249 
617, 1295 
618, 1332 
619, 1343 
620, 1338 
621, 1297 
622, 1226 
623, 1118 
624, 970 
625, 798 
626, 584 
627, 364 
628, 141 
629, -83 
630, -280 
631, -436 
632, -578 
633, -698 
634, -780 
635, -844 
636, -888 
637, -927 
638, -958 
639, -983 
640, -1018 
641, -1060 
642, -1108 
643, -1194 
644, -1259 
645, -1304 
646, -1349 
647, -1359 
648, -1348 
649, -1328 
650, -1299 
651, -1275 
652, -1259 
653, -1234 
654, -1210 
655, -1164 
656, -1107 
657, -1035 
658, -938 
659, -823 
660, -694 
661, -550 
662, -389 
663, -204 
664, 53 
665, 402 
666, 821 
667, 1226 
668, 1501 
669, 1635 
670, 1669 
671, 1670 
672, 1710 
673, 1818 
674, 1961 
675, 2109 
676, 2210 
677, 2205 
678, 2078 
679, 1844 
680, 1531 
681, 1241 
682, 1076 
683, 1046 
684, 1123 
685, 1234 
686, 1338 
687, 1384 
688, 1388 
689, 1354 
690, 1258 
691, 1143 
692, 1049 
693, 955 
694, 824 
695, 660 
696, 447 
697, 178 
698, -134 
699, -463 
700, -734 
701, -953 
702, -1133 
703, -1282 
704, -1420 
705, -1521 
706, -1585 
707, -1636 
708, -1673 
709, -1678 
710, -1613 
711, -1513 
712, -1413 
713, -1307 
714, -1241 
715, -1192 
716, -1173 
717, -1193 
718, -1208 
719, -1214 
720, -1199 
721, -1181 
722, -1156 
723, -1109 
724, -1065 
725, -1036 
726, -991 
727, -922 
728, -842 
729, -730 
730, -626 
731, -530 
732, -435 
733, -364 
734, -304 
735, -249 
736, -188 
737, -119 
738, -66 
739, -73 
740, -108 
741, -136 
742, -180 
743, -273 
744, -436 
745, -621 
746, -813 
747, -1008 
748, -1160 
749, -1283 
750, -1360 
751, -1409 
752, -1419 
753, -1406 
754, -1403 
755, -1409 
756, -1485 
757, -1595 
758, -1651 
759, -1597 
760, -1430 
761, -1197 
762, -992 
763, -844 
764, -776 
765, -848 
766, -1025 
767, -1217 
768, -1355 
769, -1424 
770, -1431 
771, -1286 
772, -922 
773, -447 
774, 44 
775, 558 
776, 1040 
777, 1408 
778, 1618 
779, 1628 
780, 1480 
781, 1279 
782, 1139 
783, 1113 
784, 1234 
785, 1472 
786, 1751 
787, 1956 
788, 2031 
789, 1910 
790, 1615 
791, 1286 
792, 998 
793, 868 
794, 991 
795, 1355 
796, 1844 
797, 2314 
798, 2662 
799, 2850 
800, 2805 
801, 2501 
802, 2055 
803, 1555 
804, 1059 
805, 617 
806, 285 
807, 83 
808, -22 
809, -62 
810, -64 
811, -62 
812, -84 
813, -174 
814, -347 
815, -599 
816, -893 
817, -1155 
818, -1342 
819, -1434 
820, -1428 
821, -1337 
822, -1207 
823, -1111 
824, -1100 
825, -1198 
826, -1375 
827, -1586 
828, -1799 
829, -1971 
830, -2049 
831, -2024 
832, -1902 
833, -1735 
834, -1582 
835, -1430 
836, -1313 
837, -1244 
838, -1231 
839, -1250 
840, -1252 
841, -1235 
842, -1161 
843, -1018 
844, -790 
845, -495 
846, -169 
847, 171 
848, 454 
849, 663 
850, 793 
851, 840 
852, 828 
853, 800 
854, 799 
855, 806 
856, 824 
857, 866 
858, 911 
859, 934 
860, 966 
861, 987 
862, 994 
863, 1042 
864, 1111 
865, 1181 
866, 1251 
867, 1309 
868, 1352 
869, 1359 
870, 1344 
871, 1304 
872, 1220 
873, 1119 
874, 978 
875, 798 
876, 592 
877, 381 
878, 169 
879, -50 
880, -242 
881, -400 
882, -519 
883, -611 
884, -679 
885, -715 
886, -755 
887, -793 
888, -819 
889, -859 
890, -909 
891, -962 
892, -1029 
893, -1118 
894, -1207 
895, -1281 
896, -1336 
897, -1356 
898, -1371 
899, -1359 
900, -1313 
901, -1298 
902, -1284 
903, -1270 
904, -1252 
905, -1226 
906, -1182 
907, -1095 
908, -982 
909, -849 
910, -708 
911, -548 
912, -394 
913, -211 
914, 27 
915, 324 
916, 676 
917, 987 
918, 1213 
919, 1374 
920, 1492 
921, 1621 
922, 1770 
923, 1896 
924, 1981 
925, 2012 
926, 2028 
927, 2018 
928, 1956 
929, 1844 
930, 1675 
931, 1491 
932, 1324 
933, 1223 
934, 1202 
935, 1234 
936, 1305 
937, 1381 
938, 1441 
939, 1458 
940, 1404 
941, 1290 
942, 1142 
943, 978 
944, 790 
945, 606 
946, 404 
947, 165 
948, -88 
949, -355 
950, -623 
951, -873 
952, -1106 
953, -1296 
954, -1448 
955, -1543 
956, -1585 
957, -1603 
958, -1611 
959, -1603 
960, -1560 
961, -1498 
962, -1428 
963, -1378 
964, -1344 
965, -1322 
966, -1313 
967, -1303 
968, -1301 
969, -1297 
970, -1302 
971, -1317 
972, -1314 
973, -1277 
974, -1210 
975, -1113 
976, -1002 
977, -893 
978, -782 
979, -679 
980, -593 
981, -523 
982, -459 
983, -390 
984, -332 
985, -270 
986, -210 
987, -143 
988, -85 
989, -71 
990, -101 
991, -160 
992, -237 
993, -317 
994, -416 
995, -566 
996, -731 
997, -902 
998, -1049 
999, -1153 
1000, -1220 
1001, -1250 
1002, -1244 
1003, -1217 
1004, -1225 
1005, -1262 
1006, -1336 
1007, -1419 
1008, -1436 
1009, -1362 
1010, -1215 
1011, -1025 
1012, -837 
1013, -710 
1014, -715 
1015, -848 
1016, -1081 
1017, -1340 
1018, -1520 
1019, -1589 
1020, -1544 
1021, -1354 
1022, -1018 
1023, -553 
1024, -37 
1025, 465 
1026, 944 
1027, 1321 
1028, 1545 
1029, 1606 
1030, 1524 
1031, 1386 
1032, 1239 
1033, 1155 
1034, 1188 
1035, 1335 
1036, 1533 
1037, 1683 
1038, 1705 
1039, 1596 
1040, 1354 
1041, 1046 
1042, 802 
1043, 703 
1044, 819 
1045, 1155 
1046, 1648 
1047, 2179 
1048, 2589 
1049, 2834 
1050, 2847 
1051, 2593 
1052, 2180 
1053, 1677 
1054, 1179 
1055, 733 
1056, 372 
1057, 146 
1058, 18 
1059, -29 
1060, -36 
1061, -58 
1062, -95 
1063, -168 
1064, -320 
1065, -549 
1066, -817 
1067, -1042 
1068, -1197 
1069, -1275 
1070, -1251 
1071, -1150 
1072, -1034 
1073, -945 
1074, -939 
1075, -1034 
1076, -1208 
1077, -1433 
1078, -1650 
1079, -1812 
1080, -1893 
1081, -1890 
1082, -1803 
1083, -1672 
1084, -1542 
1085, -1421 
1086, -1337 
1087, -1303 
1088, -1307 
1089, -1328 
1090, -1329 
1091, -1290 
1092, -1214 
1093, -1061 
1094, -820 
1095, -524 
1096, -203 
1097, 114 
1098, 402 
1099, 615 
1100, 736 
1101, 780 
1102, 770 
1103, 733 
1104, 697 
1105, 686 
1106, 686 
1107, 697 
1108, 720 
1109, 746 
1110, 768 
1111, 781 
1112, 814 
1113, 879 
1114, 964 
1115, 1058 
1116, 1166 
1117, 1273 
1118, 1346 
1119, 1378 
1120, 1377 
1121, 1337 
1122, 1258 
1123, 1158 
1124, 1013 
1125, 840 
1126, 638 
1127, 419 
1128, 201 
1129, -10 
1130, -207 
1131, -375 
1132, -499 
1133, -579 
1134, -647 
1135, -681 
1136, -685 
1137, -705 
1138, -717 
1139, -725 
1140, -760 
1141, -815 
1142, -885 
1143, -980 
1144, -1069 
1145, -1145 
1146, -1213 
1147, -1247 
1148, -1266 
1149, -1264 
1150, -1249 
1151, -1250 
1152, -1247 
1153, -1262 
1154, -1270 
1155, -1255 
1156, -1218 
1157, -1151 
1158, -1052 
1159, -928 
1160, -786 
1161, -628 
1162, -468 
1163, -287 
1164, -75 
1165, 203 
1166, 535 
1167, 850 
1168, 1103 
1169, 1265 
1170, 1375 
1171, 1470 
1172, 1571 
1173, 1722 
1174, 1869 
1175, 1949 
1176, 1965 
1177, 1893 
1178, 1758 
1179, 1592 
1180, 1418 
1181, 1287 
1182, 1218 
1183, 1219 
1184, 1274 
1185, 1375 
1186, 1460 
1187, 1529 
1188, 1567 
1189, 1534 
1190, 1451 
1191, 1334 
1192, 1219 
1193, 1119 
1194, 999 
1195, 833 
1196, 619 
1197, 344 
1198, 14 
1199, -334 
1200, -657 
1201, -916 
1202, -1094 
1203, -1221 
1204, -1296 
1205, -1342 
1206, -1379 
1207, -1408 
1208, -1422 
1209, -1430 
1210, -1422 
1211, -1378 
1212, -1328 
1213, -1299 
1214, -1294 
1215, -1286 
1216, -1287 
1217, -1319 
1218, -1349 
1219, -1383 
1220, -1404 
1221, -1414 
1222, -1408 
1223, -1363 
1224, -1287 
1225, -1195 
1226, -1083 
1227, -966 
1228, -864 
1229, -770 
1230, -682 
1231, -614 
1232, -563 
1233, -500 
1234, -417 
1235, -339 
1236, -266 
1237, -173 
1238, -99 
1239, -83 
1240, -126 
1241, -214 
1242, -329 
1243, -430 
1244, -494 
1245, -554 
1246, -594 
1247, -672 
1248, -797 
1249, -954 
1250, -1142 
1251, -1313 
1252, -1420 
1253, -1446 
1254, -1431 
1255, -1395 
1256, -1334 
1257, -1270 
1258, -1199 
1259, -1128 
1260, -1083 
1261, -1037 
1262, -966 
1263, -915 
1264, -895 
1265, -931 
1266, -1024 
1267, -1106 
1268, -1168 
1269, -1226 
1270, -1262 
1271, -1269 
1272, -1195 
1273, -949 
1274, -512 
1275, 47 
1276, 663 
1277, 1247 
1278, 1645 
1279, 1798 
1280, 1731 
1281, 1472 
1282, 1154 
1283, 943 
1284, 915 
1285, 1088 
1286, 1404 
1287, 1709 
1288, 1875 
1289, 1823 
1290, 1574 
1291, 1211 
1292, 846 
1293, 648 
1294, 687 
1295, 985 
1296, 1469 
1297, 2016 
1298, 2474 
1299, 2746 
1300, 2798 
1301, 2616 
1302, 2259 
1303, 1806 
1304, 1338 
1305, 907 
1306, 519 
1307, 235 
1308, 66 
1309, -27 
1310, -66 
1311, -57 
1312, -46 
1313, -80 
1314, -176 
1315, -374 
1316, -628 
1317, -893 
1318, -1103 
1319, -1235 
1320, -1276 
1321, -1209 
1322, -1096 
1323, -978 
1324, -921 
1325, -974 
1326, -1117 
1327, -1316 
1328, -1539 
1329, -1722 
1330, -1831 
1331, -1881 
1332, -1851 
1333, -1756 
1334, -1636 
1335, -1502 
1336, -1378 
1337, -1300 
1338, -1269 
1339, -1265 
1340, -1275 
1341, -1287 
1342, -1259 
1343, -1157 
1344, -974 
1345, -695 
1346, -358 
1347, -20 
1348, 287 
1349, 513 
1350, 657 
1351, 705 
1352, 684 
1353, 650 
1354, 615 
1355, 604 
1356, 617 
1357, 642 
1358, 673 
1359, 713 
1360, 741 
1361, 763 
1362, 799 
1363, 861 
1364, 951 
1365, 1055 
1366, 1164 
1367, 1253 
1368, 1323 
1369, 1357 
1370, 1357 
1371, 1342 
1372, 1291 
1373, 1202 
1374, 1066 
1375, 901 
1376, 706 
1377, 490 
1378, 264 
1379, 61 
1380, -119 
1381, -260 
1382, -369 
1383, -453 
1384, -520 
1385, -582 
1386, -607 
1387, -630 
1388, -653 
1389, -662 
1390, -692 
1391, -742 
1392, -813 
1393, -903 
1394, -1001 
1395, -1092 
1396, -1163 
1397, -1216 
1398, -1253 
1399, -1256 
1400, -1251 
1401, -1250 
1402, -1254 
1403, -1264 
1404, -1266 
1405, -1260 
1406, -1223 
1407, -1164 
1408, -1079 
1409, -966 
1410, -849 
1411, -705 
1412, -560 
1413, -414 
1414, -243 
1415, -54 
1416, 165 
1417, 446 
1418, 753 
1419, 1054 
1420, 1271 
1421, 1424 
1422, 1545 
1423, 1623 
1424, 1712 
1425, 1807 
1426, 1879 
1427, 1929 
1428, 1948 
1429, 1915 
1430, 1819 
1431, 1695 
1432, 1570 
1433, 1444 
1434, 1369 
1435, 1352 
1436, 1364 
1437, 1400 
1438, 1434 
1439, 1456 
1440, 1470 
1441, 1453 
1442, 1360 
1443, 1215 
1444, 1045 
1445, 846 
1446, 638 
1447, 432 
1448, 221 
1449, 6 
1450, -244 
1451, -491 
1452, -728 
1453, -947 
1454, -1125 
1455, -1269 
1456, -1382 
1457, -1451 
1458, -1480 
1459, -1497 
1460, -1512 
1461, -1524 
1462, -1503 
1463, -1465 
1464, -1443 
1465, -1420 
1466, -1409 
1467, -1399 
1468, -1400 
1469, -1416 
1470, -1433 
1471, -1434 
1472, -1410 
1473, -1395 
1474, -1366 
1475, -1298 
1476, -1211 
1477, -1126 
1478, -1026 
1479, -907 
1480, -788 
1481, -691 
1482, -620 
1483, -574 
1484, -525 
1485, -455 
1486, -384 
1487, -313 
1488, -247 
1489, -204 
1490, -210 
1491, -254 
1492, -300 
1493, -368 
1494, -433 
1495, -515 
1496, -623 
1497, -721 
1498, -824 
1499, -934 
1500, -1052 
1501, -1140 
1502, -1196 
1503, -1206 
1504, -1198 
1505, -1242 
1506, -1320 
1507, -1390 
1508, -1392 
1509, -1334 
1510, -1190 
1511, -998 
1512, -854 
1513, -761 
1514, -733 
1515, -785 
1516, -910 
1517, -1072 
1518, -1235 
1519, -1365 
1520, -1397 
1521, -1299 
1522, -1035 
1523, -605 
1524, -64 
1525, 502 
1526, 1039 
1527, 1466 
1528, 1657 
1529, 1588 
1530, 1350 
1531, 1058 
1532, 829 
1533, 779 
1534, 918 
1535, 1213 
1536, 1545 
1537, 1782 
1538, 1840 
1539, 1667 
1540, 1316 
1541, 913 
1542, 618 
1543, 531 
1544, 713 
1545, 1167 
1546, 1761 
1547, 2333 
1548, 2774 
1549, 2989 
1550, 2927 
1551, 2611 
1552, 2119 
1553, 1570 
1554, 1048 
1555, 600 
1556, 263 
1557, 47 
1558, -29 
1559, -9 
1560, 47 
1561, 89 
1562, 87 
1563, 21 
1564, -126 
1565, -362 
1566, -649 
1567, -904 
1568, -1066 
1569, -1116 
1570, -1067 
1571, -959 
1572, -842 
1573, -760 
1574, -777 
1575, -922 
1576, -1152 
1577, -1421 
1578, -1692 
1579, -1892 
1580, -1991 
1581, -1979 
1582, -1871 
1583, -1718 
1584, -1557 
1585, -1405 
1586, -1286 
1587, -1236 
1588, -1245 
1589, -1279 
1590, -1315 
1591, -1325 
1592, -1273 
1593, -1127 
1594, -889 
1595, -581 
1596, -243 
1597, 61 
1598, 306 
1599, 476 
1600, 535 
1601, 524 
1602, 484 
1603, 432 
1604, 414 
1605, 429 
1606, 466 
1607, 514 
1608, 577 
1609, 635 
1610, 678 
1611, 726 
1612, 792 
1613, 881 
1614, 987 
1615, 1105 
1616, 1214 
1617, 1305 
1618, 1369 
1619, 1396 
1620, 1384 
1621, 1342 
1622, 1255 
1623, 1143 
1624, 995 
1625, 810 
1626, 608 
1627, 391 
1628, 206 
1629, 30 
1630, -121 
1631, -238 
1632, -325 
1633, -384 
1634, -436 
1635, -460 
1636, -460 
1637, -461 
1638, -473 
1639, -494 
1640, -531 
1641, -612 
1642, -722 
1643, -850 
1644, -973 
1645, -1086 
1646, -1174 
1647, -1220 
1648, -1248 
1649, -1254 
1650, -1250 
1651, -1258 
1652, -1264 
1653, -1277 
1654, -1281 
1655, -1255 
1656, -1218 
1657, -1159 
1658, -1060 
1659, -931 
1660, -793 
1661, -648 
1662, -503 
1663, -370 
1664, -234 
1665, -106 
1666, 37 
1667, 254 
1668, 543 
1669, 846 
1670, 1099 
1671, 1264 
1672, 1346 
1673, 1397 
1674, 1442 
1675, 1520 
1676, 1606 
1677, 1651 
1678, 1713 
1679, 1772 
1680, 1791 
1681, 1799 
1682, 1759 
1683, 1686 
1684, 1605 
1685, 1550 
1686, 1545 
1687, 1558 
1688, 1568 
1689, 1565 
1690, 1546 
1691, 1498 
1692, 1396 
1693, 1225 
1694, 1024 
1695, 815 
1696, 609 
1697, 401 
1698, 198 
1699, 2 
1700, -195 
1701, -380 
1702, -543 
1703, -680 
1704, -806 
1705, -942 
1706, -1063 
1707, -1149 
1708, -1225 
1709, -1267 
1710, -1316 
1711, -1387 
1712, -1447 
1713, -1499 
1714, -1524 
1715, -1535 
1716, -1556 
1717, -1577 
1718, -1589 
1719, -1579 
1720, -1548 
1721, -1517 
1722, -1472 
1723, -1404 
1724, -1328 
1725, -1242 
1726, -1145 
1727, -1043 
1728, -933 
1729, -841 
1730, -764 
1731, -716 
1732, -681 
1733, -641 
1734, -609 
1735, -569 
1736, -510 
1737, -463 
1738, -404 
1739, -350 
1740, -330 
1741, -323 
1742, -344 
1743, -375 
1744, -404 
1745, -443 
1746, -492 
1747, -579 
1748, -681 
1749, -795 
1750, -930 
1751, -1054 
1752, -1158 
1753, -1207 
1754, -1203 
1755, -1205 
1756, -1248 
1757, -1351 
1758, -1430 
1759, -1431 
1760, -1386 
1761, -1249 
1762, -1005 
1763, -770 
1764, -643 
1765, -664 
1766, -811 
1767, -1024 
1768, -1237 
1769, -1398 
1770, -1471 
1771, -1433 
1772, -1288 
1773, -1004 
1774, -579 
1775, -83 
1776, 439 
1777, 947 
1778, 1361 
1779, 1604 
1780, 1648 
1781, 1516 
1782, 1275 
1783, 1022 
1784, 868 
1785, 904 
1786, 1123 
1787, 1411 
1788, 1630 
1789, 1715 
1790, 1611 
1791, 1313 
1792, 937 
1793, 636 
1794, 549 
1795, 729 
1796, 1167 
1797, 1790 
1798, 2422 
1799, 2884 
1800, 3102 
1801, 3047 
1802, 2722 
1803, 2208 
1804, 1636 
1805, 1076 
1806, 592 
1807, 247 
1808, 45 
1809, -29 
1810, -31 
1811, -3 
1812, 52 
1813, 89 
1814, 47 
1815, -94 
1816, -324 
1817, -595 
1818, -823 
1819, -974 
1820, -1054 
1821, -1013 
1822, -903 
1823, -779 
1824, -704 
1825, -764 
1826, -938 
1827, -1198 
1828, -1502 
1829, -1769 
1830, -1956 
1831, -2036 
1832, -2017 
1833, -1905 
1834, -1755 
1835, -1601 
1836, -1475 
1837, -1395 
1838, -1349 
1839, -1343 
1840, -1358 
1841, -1369 
1842, -1363 
1843, -1304 
1844, -1156 
1845, -918 
1846, -616 
1847, -302 
1848, 2 
1849, 259 
1850, 431 
1851, 499 
1852, 485 
1853, 428 
1854, 363 
1855, 337 
1856, 347 
1857, 386 
1858, 453 
1859, 520 
1860, 580 
1861, 646 
1862, 709 
1863, 795 
1864, 906 
1865, 1045 
1866, 1186 
1867, 1326 
1868, 1442 
1869, 1487 
1870, 1494 
1871, 1456 
1872, 1389 
1873, 1300 
1874, 1174 
1875, 1023 
1876, 841 
1877, 641 
1878, 427 
1879, 215 
1880, 31 
1881, -107 
1882, -212 
1883, -277 
1884, -321 
1885, -351 
1886, -357 
1887, -360 
1888, -350 
1889, -357 
1890, -387 
1891, -445 
1892, -548 
1893, -669 
1894, -815 
1895, -967 
1896, -1102 
1897, -1198 
1898, -1245 
1899, -1276 
1900, -1284 
1901, -1291 
1902, -1299 
1903, -1310 
1904, -1330 
1905, -1344 
1906, -1323 
1907, -1263 
1908, -1183 
1909, -1074 
1910, -940 
1911, -800 
1912, -660 
1913, -519 
1914, -400 
1915, -291 
1916, -156 
1917, -15 
1918, 126 
1919, 288 
1920, 476 
1921, 721 
1922, 975 
1923, 1215 
1924, 1439 
1925, 1629 
1926, 1752 
1927, 1790 
1928, 1782 
1929, 1734 
1930, 1683 
1931, 1666 
1932, 1668 
1933, 1685 
1934, 1698 
1935, 1682 
1936, 1634 
1937, 1568 
1938, 1501 
1939, 1438 
1940, 1388 
1941, 1365 
1942, 1346 
1943, 1316 
1944, 1270 
1945, 1193 
1946, 1076 
1947, 928 
1948, 741 
1949, 522 
1950, 281 
1951, 23 
1952, -226 
1953, -468 
1954, -668 
1955, -804 
1956, -944 
1957, -1079 
1958, -1197 
1959, -1288 
1960, -1347 
1961, -1382 
1962, -1393 
1963, -1406 
1964, -1399 
1965, -1387 
1966, -1402 
1967, -1425 
1968, -1473 
1969, -1504 
1970, -1529 
1971, -1557 
1972, -1546 
1973, -1530 
1974, -1494 
1975, -1431 
1976, -1365 
1977, -1264 
1978, -1144 
1979, -1048 
1980, -965 
1981, -880 
1982, -795 
1983, -724 
1984, -672 
1985, -627 
1986, -576 
1987, -523 
1988, -469 
1989, -411 
1990, -373 
1991, -340 
1992, -327 
1993, -350 
1994, -384 
1995, -415 
1996, -410 
1997, -402 
1998, -419 
1999, -465 
2000, -555 
2001, -707 
2002, -905 
2003, -1098 
2004, -1222 
2005, -1231 
2006, -1175 
2007, -1155 
2008, -1189 
2009, -1282 
2010, -1375 
2011, -1404 
2012, -1330 
2013, -1156 
2014, -984 
2015, -849 
2016, -751 
2017, -742 
2018, -838 
2019, -1004 
2020, -1187 
2021, -1316 
2022, -1352 
2023, -1300 
2024, -1173 
2025, -929 
2026, -552 
2027, -99 
2028, 398 
2029, 910 
2030, 1346 
2031, 1597 
2032, 1630 
2033, 1478 
2034, 1208 
2035, 927 
2036, 770 
2037, 791 
2038, 986 
2039, 1294 
2040, 1576 
2041, 1717 
2042, 1648 
2043, 1401 
2044, 1069 
2045, 799 
2046, 706 
2047, 845 
2048, 1242 
2049, 1796 
2050, 2358 
2051, 2793 
2052, 2993 
2053, 2937 
2054, 2643 
2055, 2162 
2056, 1613 
2057, 1099 
2058, 628 
2059, 264 
2060, 55 
2061, -39 
2062, -51 
2063, -1 
2064, 72 
2065, 129 
2066, 129 
2067, 19 
2068, -203 
2069, -486 
2070, -742 
2071, -924 
2072, -1010 
2073, -1000 
2074, -925 
2075, -824 
2076, -754 
2077, -794 
2078, -966 
2079, -1219 
2080, -1498 
2081, -1765 
2082, -1961 
2083, -2055 
2084, -2041 
2085, -1960 
2086, -1831 
2087, -1685 
2088, -1554 
2089, -1432 
2090, -1355 
2091, -1324 
2092, -1312 
2093, -1307 
2094, -1308 
2095, -1262 
2096, -1146 
2097, -947 
2098, -667 
2099, -356 
2100, -58 
2101, 185 
2102, 345 
2103, 412 
2104, 385 
2105, 318 
2106, 259 
2107, 230 
2108, 256 
2109, 316 
2110, 414 
2111, 513 
2112, 602 
2113, 693 
2114, 774 
2115, 870 
2116, 989 
2117, 1133 
2118, 1266 
2119, 1378 
2120, 1466 
2121, 1500 
2122, 1494 
2123, 1451 
2124, 1373 
2125, 1280 
2126, 1162 
2127, 1007 
2128, 827 
2129, 629 
2130, 429 
2131, 253 
2132, 96 
2133, -23 
2134, -95 
2135, -141 
2136, -174 
2137, -202 
2138, -221 
2139, -243 
2140, -270 
2141, -291 
2142, -330 
2143, -400 
2144, -503 
2145, -626 
2146, -781 
2147, -944 
2148, -1081 
2149, -1201 
2150, -1267 
2151, -1303 
2152, -1320 
2153, -1322 
2154, -1327 
2155, -1329 
2156, -1334 
2157, -1332 
2158, -1303 
2159, -1256 
2160, -1185 
2161, -1081 
2162, -953 
2163, -827 
2164, -702 
2165, -565 
2166, -451 
2167, -355 
2168, -246 
2169, -121 
2170, 13 
2171, 194 
2172, 458 
2173, 769 
2174, 1049 
2175, 1247 
2176, 1347 
2177, 1346 
2178, 1334 
2179, 1378 
2180, 1479 
2181, 1610 
2182, 1718 
2183, 1775 
2184, 1784 
2185, 1748 
2186, 1703 
2187, 1666 
2188, 1621 
2189, 1582 
2190, 1546 
2191, 1532 
2192, 1530 
2193, 1510 
2194, 1477 
2195, 1410 
2196, 1304 
2197, 1155 
2198, 971 
2199, 763 
2200, 561 
2201, 377 
2202, 208 
2203, 68 
2204, -85 
2205, -250 
2206, -426 
2207, -616 
2208, -777 
2209, -898 
2210, -979 
2211, -1043 
2212, -1107 
2213, -1186 
2214, -1280 
2215, -1380 
2216, -1461 
2217, -1513 
2218, -1525 
2219, -1523 
2220, -1536 
2221, -1548 
2222, -1565 
2223, -1567 
2224, -1542 
2225, -1497 
2226, -1433 
2227, -1354 
2228, -1274 
2229, -1198 
2230, -1117 
2231, -1031 
2232, -928 
2233, -820 
2234, -739 
2235, -685 
2236, -649 
2237, -637 
2238, -622 
2239, -582 
2240, -540 
2241, -474 
2242, -409 
2243, -371 
2244, -340 
2245, -329 
2246, -326 
2247, -329 
2248, -321 
2249, -317 
2250, -361 
2251, -418 
2252, -495 
2253, -592 
2254, -706 
2255, -827 
2256, -942 
2257, -1037 
2258, -1097 
2259, -1143 
2260, -1217 
2261, -1346 
2262, -1474 
2263, -1546 
2264, -1534 
2265, -1481 
2266, -1403 
2267, -1252 
2268, -1080 
2269, -946 
2270, -892 
2271, -928 
2272, -1013 
2273, -1097 
2274, -1175 
2275, -1219 
2276, -1207 
2277, -1135 
2278, -937 
2279, -586 
2280, -101 
2281, 464 
2282, 1017 
2283, 1436 
2284, 1601 
2285, 1522 
2286, 1280 
2287, 948 
2288, 656 
2289, 519 
2290, 614 
2291, 940 
2292, 1360 
2293, 1708 
2294, 1882 
2295, 1823 
2296, 1574 
2297, 1252 
2298, 996 
2299, 916 
2300, 1066 
2301, 1448 
2302, 1972 
2303, 2494 
2304, 2876 
2305, 3031 
2306, 2942 
2307, 2631 
2308, 2163 
2309, 1621 
2310, 1057 
2311, 548 
2312, 180 
2313, -27 
2314, -81 
2315, -34 
2316, 75 
2317, 217 
2318, 308 
2319, 303 
2320, 147 
2321, -128 
2322, -432 
2323, -716 
2324, -896 
2325, -984 
2326, -989 
2327, -920 
2328, -853 
2329, -839 
2330, -937 
2331, -1149 
2332, -1417 
2333, -1709 
2334, -1963 
2335, -2125 
2336, -2198 
2337, -2191 
2338, -2099 
2339, -1954 
2340, -1778 
2341, -1608 
2342, -1475 
2343, -1382 
2344, -1323 
2345, -1298 
2346, -1304 
2347, -1331 
2348, -1305 
2349, -1183 
2350, -987 
2351, -717 
2352, -426 
2353, -165 
2354, 50 
2355, 177 
2356, 215 
2357, 204 
2358, 155 
2359, 139 
2360, 176 
2361, 249 
2362, 353 
2363, 465 
2364, 576 
2365, 690 
2366, 801 
2367, 918 
2368, 1052 
2369, 1194 
2370, 1336 
2371, 1449 
2372, 1532 
2373, 1578 
2374, 1578 
2375, 1542 
2376, 1481 
2377, 1385 
2378, 1275 
2379, 1142 
2380, 985 
2381, 829 
2382, 661 
2383, 490 
2384, 344 
2385, 226 
2386, 137 
2387, 74 
2388, 33 
2389, -9 
2390, -57 
2391, -85 
2392, -112 
2393, -146 
2394, -166 
2395, -237 
2396, -330 
2397, -462 
2398, -651 
2399, -828 
2400, -1020 
2401, -1195 
2402, -1307 
2403, -1363 
2404, -1395 
2405, -1397 
2406, -1389 
2407, -1395 
2408, -1387 
2409, -1387 
2410, -1373 
2411, -1340 
2412, -1288 
2413, -1205 
2414, -1108 
2415, -998 
2416, -883 
2417, -764 
2418, -658 
2419, -568 
2420, -469 
2421, -388 
2422, -309 
2423, -231 
2424, -142 
2425, 11 
2426, 261 
2427, 605 
2428, 948 
2429, 1207 
2430, 1339 
2431, 1340 
2432, 1314 
2433, 1366 
2434, 1521 
2435, 1765 
2436, 2003 
2437, 2149 
2438, 2131 
2439, 1982 
2440, 1805 
2441, 1638 
2442, 1535 
2443, 1511 
2444, 1531 
2445, 1554 
2446, 1520 
2447, 1421 
2448, 1294 
2449, 1180 
2450, 1085 
2451, 1008 
2452, 928 
2453, 831 
2454, 692 
2455, 541 
2456, 408 
2457, 262 
2458, 110 
2459, -76 
2460, -305 
2461, -538 
2462, -740 
2463, -906 
2464, -1044 
2465, -1171 
2466, -1274 
2467, -1359 
2468, -1444 
2469, -1521 
2470, -1581 
2471, -1589 
2472, -1567 
2473, -1531 
2474, -1513 
2475, -1517 
2476, -1517 
2477, -1517 
2478, -1515 
2479, -1451 
2480, -1346 
2481, -1244 
2482, -1162 
2483, -1113 
2484, -1073 
2485, -1045 
2486, -1001 
2487, -921 
2488, -810 
2489, -695 
2490, -602 
2491, -539 
2492, -511 
2493, -506 
2494, -501 
2495, -483 
2496, -439 
2497, -368 
2498, -287 
2499, -219 
2500, -198 
2501, -188 
2502, -178 
2503, -187 
2504, -221 
2505, -280 
2506, -357 
2507, -447 
2508, -540 
2509, -632 
2510, -719 
2511, -833 
2512, -978 
2513, -1153 
2514, -1323 
2515, -1483 
2516, -1622 
2517, -1688 
2518, -1633 
2519, -1505 
2520, -1385 
2521, -1290 
2522, -1197 
2523, -1103 
2524, -1070 
2525, -1108 
2526, -1180 
2527, -1237 
2528, -1245 
2529, -1234 
2530, -1223 
2531, -1196 
2532, -1102 
2533, -851 
2534, -442 
2535, 72 
2536, 638 
2537, 1143 
2538, 1434 
2539, 1443 
2540, 1241 
2541, 962 
2542, 700 
2543, 548 
2544, 614 
2545, 894 
2546, 1315 
2547, 1701 
2548, 1887 
2549, 1836 
2550, 1610 
2551, 1278 
2552, 1001 
2553, 902 
2554, 1050 
2555, 1446 
2556, 1999 
2557, 2567 
2558, 3003 
2559, 3207 
2560, 3147 
2561, 2847 
2562, 2375 
2563, 1832 
2564, 1295 
2565, 807 
2566, 404 
2567, 159 
2568, 97 
2569, 158 
2570, 246 
2571, 336 
2572, 405 
2573, 394 
2574, 266 
2575, 24 
2576, -272 
2577, -537 
2578, -710 
2579, -781 
2580, -798 
2581, -794 
2582, -782 
2583, -828 
2584, -962 
2585, -1203 
2586, -1499 
2587, -1776 
2588, -2007 
2589, -2171 
2590, -2246 
2591, -2243 
2592, -2178 
2593, -2061 
2594, -1911 
2595, -1740 
2596, -1591 
2597, -1501 
2598, -1451 
2599, -1434 
2600, -1438 
2601, -1455 
2602, -1457 
2603, -1398 
2604, -1225 
2605, -964 
2606, -676 
2607, -392 
2608, -176 
2609, -32 
2610, 37 
2611, 40 
2612, 18 
2613, 13 
2614, 58 
2615, 151 
2616, 268 
2617, 386 
2618, 514 
2619, 647 
2620, 772 
2621, 899 
2622, 1043 
2623, 1206 
2624, 1364 
2625, 1497 
2626, 1591 
2627, 1650 
2628, 1683 
2629, 1657 
2630, 1589 
2631, 1516 
2632, 1417 
2633, 1291 
2634, 1149 
2635, 989 
2636, 830 
2637, 673 
2638, 537 
2639, 430 
2640, 351 
2641, 298 
2642, 258 
2643, 221 
2644, 198 
2645, 173 
2646, 138 
2647, 97 
2648, 43 
2649, -37 
2650, -158 
2651, -328 
2652, -535 
2653, -763 
2654, -972 
2655, -1139 
2656, -1266 
2657, -1349 
2658, -1393 
2659, -1395 
2660, -1405 
2661, -1420 
2662, -1427 
2663, -1434 
2664, -1421 
2665, -1385 
2666, -1324 
2667, -1262 
2668, -1192 
2669, -1103 
2670, -1023 
2671, -939 
2672, -839 
2673, -760 
2674, -677 
2675, -603 
2676, -549 
2677, -484 
2678, -414 
2679, -306 
2680, -130 
2681, 128 
2682, 457 
2683, 787 
2684, 1035 
2685, 1192 
2686, 1284 
2687, 1344 
2688, 1427 
2689, 1565 
2690, 1735 
2691, 1879 
2692, 1950 
2693, 1930 
2694, 1849 
2695, 1751 
2696, 1665 
2697, 1603 
2698, 1555 
2699, 1521 
2700, 1473 
2701, 1387 
2702, 1300 
2703, 1230 
2704, 1195 
2705, 1180 
2706, 1157 
2707, 1101 
2708, 1010 
2709, 891 
2710, 723 
2711, 551 
2712, 379 
2713, 208 
2714, 11 
2715, -217 
2716, -430 
2717, -629 
2718, -816 
2719, -982 
2720, -1128 
2721, -1252 
2722, -1347 
2723, -1414 
2724, -1460 
2725, -1497 
2726, -1500 
2727, -1471 
2728, -1471 
2729, -1478 
2730, -1472 
2731, -1456 
2732, -1446 
2733, -1409 
2734, -1338 
2735, -1264 
2736, -1199 
2737, -1149 
2738, -1128 
2739, -1118 
2740, -1093 
2741, -1048 
2742, -982 
2743, -893 
2744, -799 
2745, -718 
2746, -646 
2747, -603 
2748, -574 
2749, -530 
2750, -476 
2751, -412 
2752, -333 
2753, -253 
2754, -204 
2755, -196 
2756, -212 
2757, -227 
2758, -249 
2759, -280 
2760, -329 
2761, -398 
2762, -475 
2763, -590 
2764, -744 
2765, -921 
2766, -1075 
2767, -1189 
2768, -1277 
2769, -1314 
2770, -1314 
2771, -1356 
2772, -1464 
2773, -1583 
2774, -1613 
2775, -1509 
2776, -1306 
2777, -1072 
2778, -869 
2779, -735 
2780, -731 
2781, -889 
2782, -1159 
2783, -1442 
2784, -1664 
2785, -1741 
2786, -1674 
2787, -1478 
2788, -1082 
2789, -507 
2790, 124 
2791, 740 
2792, 1261 
2793, 1596 
2794, 1682 
2795, 1502 
2796, 1168 
2797, 849 
2798, 668 
2799, 697 
2800, 935 
2801, 1339 
2802, 1771 
2803, 2020 
2804, 2012 
2805, 1734 
2806, 1257 
2807, 812 
2808, 551 
2809, 573 
2810, 954 
2811, 1625 
2812, 2391 
2813, 3046 
2814, 3443 
2815, 3527 
2816, 3274 
2817, 2738 
2818, 2042 
2819, 1355 
2820, 786 
2821, 360 
2822, 99 
2823, 22 
2824, 91 
2825, 237 
2826, 372 
2827, 442 
2828, 404 
2829, 252 
2830, 23 
2831, -296 
2832, -620 
2833, -864 
2834, -982 
2835, -972 
2836, -889 
2837, -794 
2838, -744 
2839, -805 
2840, -1001 
2841, -1320 
2842, -1657 
2843, -1958 
2844, -2204 
2845, -2315 
2846, -2294 
2847, -2193 
2848, -2046 
2849, -1875 
2850, -1750 
2851, -1653 
2852, -1581 
2853, -1563 
2854, -1583 
2855, -1615 
2856, -1614 
2857, -1577 
2858, -1479 
2859, -1300 
2860, -1045 
2861, -722 
2862, -387 
2863, -118 
2864, 60 
2865, 157 
2866, 159 
2867, 109 
2868, 45 
2869, 23 
2870, 76 
2871, 155 
2872, 280 
2873, 417 
2874, 533 
2875, 663 
2876, 783 
2877, 894 
2878, 1049 
2879, 1236 
2880, 1410 
2881, 1560 
2882, 1689 
2883, 1760 
2884, 1762 
2885, 1717 
2886, 1625 
2887, 1490 
2888, 1349 
2889, 1202 
2890, 1023 
2891, 849 
2892, 698 
2893, 570 
2894, 461 
2895, 386 
2896, 353 
2897, 323 
2898, 292 
2899, 257 
2900, 221 
2901, 183 
2902, 155 
2903, 128 
2904, 68 
2905, -28 
2906, -167 
2907, -356 
2908, -592 
2909, -842 
2910, -1052 
2911, -1211 
2912, -1307 
2913, -1350 
2914, -1356 
2915, -1336 
2916, -1321 
2917, -1330 
2918, -1358 
2919, -1373 
2920, -1370 
2921, -1354 
2922, -1314 
2923, -1249 
2924, -1159 
2925, -1063 
2926, -982 
2927, -890 
2928, -804 
2929, -731 
2930, -660 
2931, -610 
2932, -571 
2933, -517 
2934, -435 
2935, -329 
2936, -154 
2937, 86 
2938, 357 
2939, 626 
2940, 820 
2941, 963 
2942, 1062 
2943, 1133 
2944, 1251 
2945, 1431 
2946, 1658 
2947, 1867 
2948, 1970 
2949, 1955 
2950, 1845 
2951, 1706 
2952, 1584 
2953, 1512 
2954, 1495 
2955, 1492 
2956, 1488 
2957, 1429 
2958, 1310 
2959, 1195 
2960, 1105 
2961, 1041 
2962, 996 
2963, 970 
2964, 945 
2965, 909 
2966, 834 
2967, 710 
2968, 544 
2969, 338 
2970, 94 
2971, -170 
2972, -434 
2973, -644 
2974, -801 
2975, -934 
2976, -1042 
2977, -1130 
2978, -1214 
2979, -1312 
2980, -1404 
2981, -1471 
2982, -1485 
2983, -1453 
2984, -1420 
2985, -1394 
2986, -1377 
2987, -1372 
2988, -1396 
2989, -1390 
2990, -1344 
2991, -1286 
2992, -1224 
2993, -1175 
2994, -1152 
2995, -1138 
2996, -1101 
2997, -1038 
2998, -951 
2999, -843 
3000, -724 
3001, -621 
3002, -535 
3003, -475 
3004, -423 
3005, -383 
3006, -375 
3007, -373 
3008, -367 
3009, -343 
3010, -281 
3011, -213 
3012, -158 
3013, -131 
3014, -166 
3015, -244 
3016, -340 
3017, -436 
3018, -514 
3019, -579 
3020, -622 
3021, -692 
3022, -798 
3023, -930 
3024, -1078 
3025, -1232 
3026, -1383 
3027, -1509 
3028, -1601 
3029, -1637 
3030, -1625 
3031, -1551 
3032, -1409 
3033, -1251 
3034, -1120 
3035, -1032 
3036, -992 
3037, -1028 
3038, -1135 
3039, -1268 
3040, -1366 
3041, -1383 
3042, -1360 
3043, -1290 
3044, -1127 
3045, -835 
3046, -401 
3047, 104 
3048, 636 
3049, 1146 
3050, 1480 
3051, 1561 
3052, 1422 
3053, 1148 
3054, 856 
3055, 670 
3056, 676 
3057, 889 
3058, 1253 
3059, 1648 
3060, 1911 
3061, 1941 
3062, 1754 
3063, 1448 
3064, 1148 
3065, 998 
3066, 1070 
3067, 1381 
3068, 1905 
3069, 2463 
3070, 2897 
3071, 3129 
3072, 3119 
3073, 2843 
3074, 2355 
3075, 1779 
3076, 1203 
3077, 709 
3078, 343 
3079, 124 
3080, 77 
3081, 151 
3082, 264 
3083, 366 
3084, 402 
3085, 353 
3086, 207 
3087, -33 
3088, -320 
3089, -584 
3090, -767 
3091, -864 
3092, -915 
3093, -934 
3094, -953 
3095, -1004 
3096, -1124 
3097, -1318 
3098, -1548 
3099, -1771 
3100, -1953 
3101, -2082 
3102, -2144 
3103, -2148 
3104, -2113 
3105, -2039 
3106, -1933 
3107, -1817 
3108, -1706 
3109, -1620 
3110, -1554 
3111, -1522 
3112, -1517 
3113, -1508 
3114, -1467 
3115, -1371 
3116, -1211 
3117, -966 
3118, -678 
3119, -408 
3120, -193 
3121, -46 
3122, 31 
3123, 52 
3124, 40 
3125, 40 
3126, 84 
3127, 170 
3128, 265 
3129, 364 
3130, 467 
3131, 583 
3132, 718 
3133, 864 
3134, 1042 
3135, 1229 
3136, 1409 
3137, 1561 
3138, 1652 
3139, 1684 
3140, 1670 
3141, 1610 
3142, 1533 
3143, 1440 
3144, 1338 
3145, 1240 
3146, 1126 
3147, 995 
3148, 854 
3149, 738 
3150, 632 
3151, 558 
3152, 509 
3153, 478 
3154, 472 
3155, 451 
3156, 418 
3157, 368 
3158, 303 
3159, 234 
3160, 144 
3161, 18 
3162, -129 
3163, -298 
3164, -507 
3165, -722 
3166, -915 
3167, -1065 
3168, -1177 
3169, -1248 
3170, -1271 
3171, -1271 
3172, -1273 
3173, -1279 
3174, -1293 
3175, -1291 
3176, -1271 
3177, -1259 
3178, -1242 
3179, -1218 
3180, -1180 
3181, -1145 
3182, -1108 
3183, -1063 
3184, -1007 
3185, -941 
3186, -861 
3187, -771 
3188, -694 
3189, -635 
3190, -572 
3191, -502 
3192, -440 
3193, -350 
3194, -225 
3195, -41 
3196, 208 
3197, 517 
3198, 883 
3199, 1221 
3200, 1486 
3201, 1627 
3202, 1652 
3203, 1617 
3204, 1605 
3205, 1657 
3206, 1769 
3207, 1889 
3208, 1931 
3209, 1874 
3210, 1700 
3211, 1465 
3212, 1222 
3213, 1027 
3214, 919 
3215, 894 
3216, 947 
3217, 1043 
3218, 1144 
3219, 1214 
3220, 1236 
3221, 1205 
3222, 1139 
3223, 1044 
3224, 929 
3225, 785 
3226, 618 
3227, 413 
3228, 154 
3229, -146 
3230, -453 
3231, -745 
3232, -998 
3233, -1192 
3234, -1307 
3235, -1339 
3236, -1323 
3237, -1303 
3238, -1279 
3239, -1278 
3240, -1278 
3241, -1266 
3242, -1249 
3243, -1193 
3244, -1131 
3245, -1076 
3246, -1057 
3247, -1082 
3248, -1138 
3249, -1205 
3250, -1259 
3251, -1285 
3252, -1260 
3253, -1196 
3254, -1112 
3255, -1032 
3256, -944 
3257, -846 
3258, -739 
3259, -633 
3260, -546 
3261, -471 
3262, -413 
3263, -379 
3264, -366 
3265, -373 
3266, -374 
3267, -365 
3268, -337 
3269, -297 
3270, -263 
3271, -261 
3272, -307 
3273, -403 
3274, -514 
3275, -599 
3276, -684 
3277, -785 
3278, -857 
3279, -923 
3280, -1016 
3281, -1113 
3282, -1197 
3283, -1260 
3284, -1312 
3285, -1339 
3286, -1356 
3287, -1388 
3288, -1417 
3289, -1431 
3290, -1400 
3291, -1313 
3292, -1177 
3293, -1045 
3294, -968 
3295, -960 
3296, -1028 
3297, -1121 
3298, -1222 
3299, -1312 
3300, -1333 
3301, -1250 
3302, -1030 
3303, -641 
3304, -121 
3305, 452 
3306, 1031 
3307, 1508 
3308, 1772 
3309, 1784 
3310, 1594 
3311, 1301 
3312, 1006 
3313, 825 
3314, 840 
3315, 1019 
3316, 1291 
3317, 1551 
3318, 1675 
3319, 1641 
3320, 1459 
3321, 1182 
3322, 957 
3323, 915 
3324, 1074 
3325, 1449 
3326, 1965 
3327, 2458 
3328, 2842 
3329, 3036 
3330, 2976 
3331, 2669 
3332, 2190 
3333, 1637 
3334, 1091 
3335, 622 
3336, 256 
3337, 35 
3338, -58 
3339, -69 
3340, -10 
3341, 40 
3342, 72 
3343, 39 
3344, -87 
3345, -245 
3346, -432 
3347, -619 
3348, -750 
3349, -810 
3350, -831 
3351, -832 
3352, -837 
3353, -892 
3354, -1035 
3355, -1235 
3356, -1458 
3357, -1689 
3358, -1894 
3359, -2059 
3360, -2136 
3361, -2137 
3362, -2098 
3363, -2010 
3364, -1903 
3365, -1780 
3366, -1661 
3367, -1573 
3368, -1497 
3369, -1438 
3370, -1384 
3371, -1312 
3372, -1211 
3373, -1069 
3374, -875 
3375, -645 
3376, -414 
3377, -203 
3378, -70 
3379, 7 
3380, 21 
3381, -25 
3382, -69 
3383, -72 
3384, -35 
3385, 50 
3386, 168 
3387, 293 
3388, 432 
3389, 567 
3390, 693 
3391, 837 
3392, 1010 
3393, 1190 
3394, 1362 
3395, 1516 
3396, 1627 
3397, 1672 
3398, 1667 
3399, 1598 
3400, 1490 
3401, 1361 
3402, 1216 
3403, 1081 
3404, 941 
3405, 810 
3406, 709 
3407, 624 
3408, 556 
3409, 523 
3410, 491 
3411, 471 
3412, 463 
3413, 440 
3414, 419 
3415, 395 
3416, 349 
3417, 288 
3418, 213 
3419, 102 
3420, -39 
3421, -212 
3422, -403 
3423, -597 
3424, -784 
3425, -936 
3426, -1056 
3427, -1129 
3428, -1172 
3429, -1198 
3430, -1221 
3431, -1231 
3432, -1230 
3433, -1233 
3434, -1214 
3435, -1202 
3436, -1171 
3437, -1127 
3438, -1092 
3439, -1044 
3440, -999 
3441, -946 
3442, -886 
3443, -837 
3444, -791 
3445, -752 
3446, -722 
3447, -703 
3448, -681 
3449, -645 
3450, -583 
3451, -513 
3452, -413 
3453, -283 
3454, -124 
3455, 95 
3456, 345 
3457, 605 
3458, 827 
3459, 1020 
3460, 1246 
3461, 1511 
3462, 1781 
3463, 1983 
3464, 2052 
3465, 1977 
3466, 1787 
3467, 1566 
3468, 1427 
3469, 1380 
3470, 1392 
3471, 1381 
3472, 1274 
3473, 1116 
3474, 940 
3475, 784 
3476, 701 
3477, 729 
3478, 856 
3479, 1063 
3480, 1243 
3481, 1314 
3482, 1308 
3483, 1204 
3484, 1014 
3485, 778 
3486, 524 
3487, 279 
3488, 38 
3489, -211 
3490, -455 
3491, -651 
3492, -827 
3493, -1019 
3494, -1198 
3495, -1322 
3496, -1380 
3497, -1358 
3498, -1279 
3499, -1188 
3500, -1087 
3501, -995 
3502, -960 
3503, -981 
3504, -1020 
3505, -1033 
3506, -1015 
3507, -1010 
3508, -1028 
3509, -1048 
3510, -1079 
3511, -1154 
3512, -1234 
3513, -1265 
3514, -1237 
3515, -1167 
3516, -1082 
3517, -988 
3518, -901 
3519, -815 
3520, -734 
3521, -682 
3522, -623 
3523, -549 
3524, -485 
3525, -456 
3526, -427 
3527, -369 
3528, -319 
3529, -321 
3530, -375 
3531, -429 
3532, -486 
3533, -568 
3534, -670 
3535, -803 
3536, -933 
3537, -1060 
3538, -1167 
3539, -1249 
3540, -1333 
3541, -1377 
3542, -1393 
3543, -1388 
3544, -1362 
3545, -1300 
3546, -1217 
3547, -1166 
3548, -1109 
3549, -1002 
3550, -869 
3551, -767 
3552, -706 
3553, -694 
3554, -760 
3555, -878 
3556, -1030 
3557, -1201 
3558, -1368 
3559, -1459 
3560, -1431 
3561, -1227 
3562, -757 
3563, -89 
3564, 635 
3565, 1362 
3566, 1932 
3567, 2179 
3568, 2089 
3569, 1748 
3570, 1281 
3571, 874 
3572, 671 
3573, 737 
3574, 1012 
3575, 1357 
3576, 1632 
3577, 1712 
3578, 1546 
3579, 1185 
3580, 784 
3581, 526 
3582, 512 
3583, 779 
3584, 1304 
3585, 1954 
3586, 2534 
3587, 2938 
3588, 3095 
3589, 2946 
3590, 2555 
3591, 2010 
3592, 1390 
3593, 807 
3594, 314 
3595, -37 
3596, -222 
3597, -254 
3598, -157 
3599, -16 
3600, 110 
3601, 174 
3602, 111 
3603, -43 
3604, -265 
3605, -525 
3606, -730 
3607, -841 
3608, -857 
3609, -801 
3610, -739 
3611, -698 
3612, -735 
3613, -880 
3614, -1105 
3615, -1361 
3616, -1585 
3617, -1785 
3618, -1923 
3619, -1979 
3620, -1968 
3621, -1928 
3622, -1852 
3623, -1741 
3624, -1637 
3625, -1541 
3626, -1463 
3627, -1408 
3628, -1380 
3629, -1361 
3630, -1303 
3631, -1195 
3632, -1024 
3633, -798 
3634, -517 
3635, -240 
3636, -47 
3637, 60 
3638, 74 
3639, 12 
3640, -77 
3641, -164 
3642, -210 
3643, -177 
3644, -94 
3645, 14 
3646, 138 
3647, 258 
3648, 389 
3649, 542 
3650, 718 
3651, 902 
3652, 1104 
3653, 1306 
3654, 1472 
3655, 1581 
3656, 1613 
3657, 1585 
3658, 1509 
3659, 1385 
3660, 1226 
3661, 1073 
3662, 925 
3663, 788 
3664, 674 
3665, 583 
3666, 531 
3667, 511 
3668, 511 
3669, 523 
3670, 533 
3671, 530 
3672, 510 
3673, 485 
3674, 458 
3675, 433 
3676, 398 
3677, 339 
3678, 244 
3679, 99 
3680, -80 
3681, -288 
3682, -510 
3683, -707 
3684, -852 
3685, -951 
3686, -1006 
3687, -1039 
3688, -1045 
3689, -1055 
3690, -1072 
3691, -1080 
3692, -1097 
3693, -1110 
3694, -1102 
3695, -1091 
3696, -1066 
3697, -1034 
3698, -1000 
3699, -949 
3700, -899 
3701, -852 
3702, -809 
3703, -777 
3704, -778 
3705, -784 
3706, -801 
3707, -803 
3708, -786 
3709, -740 
3710, -668 
3711, -588 
3712, -488 
3713, -367 
3714, -223 
3715, -64 
3716, 125 
3717, 315 
3718, 511 
3719, 762 
3720, 1067 
3721, 1421 
3722, 1742 
3723, 1975 
3724, 2049 
3725, 1937 
3726, 1715 
3727, 1482 
3728, 1292 
3729, 1217 
3730, 1221 
3731, 1226 
3732, 1209 
3733, 1134 
3734, 1003 
3735, 847 
3736, 737 
3737, 722 
3738, 819 
3739, 1006 
3740, 1202 
3741, 1359 
3742, 1433 
3743, 1398 
3744, 1255 
3745, 1025 
3746, 746 
3747, 436 
3748, 138 
3749, -127 
3750, -347 
3751, -530 
3752, -710 
3753, -885 
3754, -1035 
3755, -1151 
3756, -1204 
3757, -1213 
3758, -1162 
3759, -1046 
3760, -932 
3761, -833 
3762, -785 
3763, -790 
3764, -836 
3765, -910 
3766, -1001 
3767, -1079 
3768, -1129 
3769, -1163 
3770, -1205 
3771, -1254 
3772, -1280 
3773, -1295 
3774, -1268 
3775, -1230 
3776, -1168 
3777, -1069 
3778, -998 
3779, -936 
3780, -887 
3781, -838 
3782, -772 
3783, -709 
3784, -631 
3785, -532 
3786, -448 
3787, -386 
3788, -364 
3789, -398 
3790, -459 
3791, -526 
3792, -600 
3793, -676 
3794, -738 
3795, -808 
3796, -893 
3797, -983 
3798, -1077 
3799, -1150 
3800, -1174 
3801, -1192 
3802, -1195 
3803, -1151 
3804, -1080 
3805, -1030 
3806, -1022 
3807, -1036 
3808, -1035 
3809, -973 
3810, -860 
3811, -741 
3812, -632 
3813, -541 
3814, -511 
3815, -604 
3816, -798 
3817, -1036 
3818, -1232 
3819, -1343 
3820, -1382 
3821, -1290 
3822, -1053 
3823, -683 
3824, -195 
3825, 348 
3826, 911 
3827, 1437 
3828, 1823 
3829, 1989 
3830, 1918 
3831, 1683 
3832, 1363 
3833, 1056 
3834, 842 
3835, 788 
3836, 893 
3837, 1080 
3838, 1243 
3839, 1260 
3840, 1138 
3841, 930 
3842, 701 
3843, 553 
3844, 581 
3845, 837 
3846, 1281 
3847, 1799 
3848, 2295 
3849, 2643 
3850, 2771 
3851, 2650 
3852, 2284 
3853, 1778 
3854, 1221 
3855, 680 
3856, 215 
3857, -124 
3858, -287 
3859, -308 
3860, -241 
3861, -151 
3862, -66 
3863, -11 
3864, -38 
3865, -155 
3866, -340 
3867, -532 
3868, -661 
3869, -719 
3870, -701 
3871, -633 
3872, -561 
3873, -518 
3874, -559 
3875, -716 
3876, -954 
3877, -1232 
3878, -1496 
3879, -1694 
3880, -1833 
3881, -1886 
3882, -1878 
3883, -1832 
3884, -1751 
3885, -1670 
3886, -1568 
3887, -1465 
3888, -1383 
3889, -1289 
3890, -1197 
3891, -1101 
3892, -998 
3893, -884 
3894, -736 
3895, -552 
3896, -361 
3897, -202 
3898, -91 
3899, -40 
3900, -64 
3901, -129 
3902, -220 
3903, -300 
3904, -332 
3905, -304 
3906, -231 
3907, -115 
3908, 36 
3909, 211 
3910, 376 
3911, 553 
3912, 752 
3913, 945 
3914, 1137 
3915, 1303 
3916, 1421 
3917, 1486 
3918, 1471 
3919, 1409 
3920, 1297 
3921, 1146 
3922, 1018 
3923, 901 
3924, 778 
3925, 663 
3926, 591 
3927, 543 
3928, 516 
3929, 507 
3930, 521 
3931, 552 
3932, 577 
3933, 605 
3934, 609 
3935, 596 
3936, 584 
3937, 554 
3938, 511 
3939, 433 
3940, 316 
3941, 166 
3942, -28 
3943, -249 
3944, -451 
3945, -642 
3946, -786 
3947, -871 
3948, -920 
3949, -941 
3950, -948 
3951, -956 
3952, -983 
3953, -1001 
3954, -1018 
3955, -1033 
3956, -1029 
3957, -1001 
3958, -962 
3959, -924 
3960, -883 
3961, -854 
3962, -844 
3963, -842 
3964, -855 
3965, -874 
3966, -918 
3967, -945 
3968, -965 
3969, -975 
3970, -953 
3971, -914 
3972, -839 
3973, -730 
3974, -593 
3975, -420 
3976, -194 
3977, 63 
3978, 297 
3979, 501 
3980, 666 
3981, 817 
3982, 994 
3983, 1217 
3984, 1486 
3985, 1726 
3986, 1837 
3987, 1788 
3988, 1585 
3989, 1296 
3990, 1041 
3991, 899 
3992, 878 
3993, 960 
3994, 1094 
3995, 1179 
3996, 1179 
3997, 1123 
3998, 1066 
3999, 1044 
4000, 1091 
4001, 1194 
4002, 1329 
4003, 1445 
4004, 1481 
4005, 1405 
4006, 1230 
4007, 991 
4008, 695 
4009, 388 
4010, 92 
4011, -184 
4012, -396 
4013, -554 
4014, -672 
4015, -768 
4016, -845 
4017, -908 
4018, -972 
4019, -997 
4020, -970 
4021, -902 
4022, -788 
4023, -717 
4024, -704 
4025, -749 
4026, -859 
4027, -989 
4028, -1115 
4029, -1202 
4030, -1249 
4031, -1284 
4032, -1328 
4033, -1376 
4034, -1413 
4035, -1434 
4036, -1410 
4037, -1344 
4038, -1230 
4039, -1116 
4040, -1001 
4041, -896 
4042, -828 
4043, -747 
4044, -677 
4045, -624 
4046, -574 
4047, -518 
4048, -465 
4049, -434 
4050, -433 
4051, -459 
4052, -508 
4053, -577 
4054, -639 
4055, -714 
4056, -798 
4057, -867 
4058, -909 
4059, -934 
4060, -924 
4061, -898 
4062, -866 
4063, -845 
4064, -846 
4065, -844 
4066, -863 
4067, -874 
4068, -841 
4069, -794 
4070, -753 
4071, -753 
4072, -766 
4073, -763 
4074, -763 
4075, -775 
4076, -789 
4077, -819 
4078, -889 
4079, -1014 
4080, -1157 
4081, -1258 
4082, -1303 
4083, -1269 
4084, -1123 
4085, -850 
4086, -455 
4087, 43 
4088, 551 
4089, 1001 
4090, 1349 
4091, 1559 
4092, 1619 
4093, 1530 
4094, 1306 
4095, 1024 
