0, -173 
1, -54 
2, 71 
3, 197 
4, 330 
5, 463 
6, 603 
7, 751 
8, 891 
9, 1007 
10, 1109 
11, 1206 
12, 1294 
13, 1387 
14, 1481 
15, 1576 
16, 1716 
17, 1841 
18, 1923 
19, 1981 
20, 1997 
21, 1986 
22, 1925 
23, 1848 
24, 1769 
25, 1693 
26, 1607 
27, 1508 
28, 1400 
29, 1265 
30, 1087 
31, 877 
32, 676 
33, 486 
34, 291 
35, 98 
36, -48 
37, -174 
38, -300 
39, -436 
40, -593 
41, -762 
42, -923 
43, -1075 
44, -1229 
45, -1359 
46, -1448 
47, -1508 
48, -1557 
49, -1584 
50, -1614 
51, -1639 
52, -1638 
53, -1650 
54, -1640 
55, -1596 
56, -1524 
57, -1454 
58, -1379 
59, -1288 
60, -1223 
61, -1185 
62, -1172 
63, -1170 
64, -1162 
65, -1143 
66, -1116 
67, -1084 
68, -1051 
69, -1023 
70, -1004 
71, -1013 
72, -1028 
73, -1046 
74, -1083 
75, -1102 
76, -1099 
77, -1085 
78, -1072 
79, -1075 
80, -1096 
81, -1132 
82, -1171 
83, -1238 
84, -1293 
85, -1328 
86, -1347 
87, -1336 
88, -1316 
89, -1284 
90, -1228 
91, -1167 
92, -1107 
93, -1029 
94, -962 
95, -895 
96, -801 
97, -708 
98, -605 
99, -502 
100, -392 
101, -274 
102, -173 
103, -81 
104, 24 
105, 136 
106, 279 
107, 479 
108, 728 
109, 990 
110, 1228 
111, 1435 
112, 1582 
113, 1661 
114, 1703 
115, 1754 
116, 1826 
117, 1926 
118, 2032 
119, 2129 
120, 2198 
121, 2190 
122, 2104 
123, 1966 
124, 1837 
125, 1759 
126, 1713 
127, 1697 
128, 1705 
129, 1706 
130, 1667 
131, 1571 
132, 1373 
133, 1131 
134, 913 
135, 742 
136, 599 
137, 514 
138, 458 
139, 352 
140, 214 
141, 42 
142, -178 
143, -387 
144, -560 
145, -681 
146, -709 
147, -659 
148, -613 
149, -634 
150, -678 
151, -769 
152, -903 
153, -1038 
154, -1157 
155, -1242 
156, -1267 
157, -1252 
158, -1242 
159, -1242 
160, -1264 
161, -1325 
162, -1406 
163, -1465 
164, -1502 
165, -1520 
166, -1499 
167, -1439 
168, -1364 
169, -1299 
170, -1278 
171, -1297 
172, -1316 
173, -1330 
174, -1323 
175, -1302 
176, -1265 
177, -1206 
178, -1129 
179, -1036 
180, -956 
181, -863 
182, -764 
183, -665 
184, -535 
185, -376 
186, -213 
187, -48 
188, 114 
189, 281 
190, 453 
191, 590 
192, 707 
193, 793 
194, 878 
195, 988 
196, 1095 
197, 1195 
198, 1309 
199, 1424 
200, 1513 
201, 1586 
202, 1620 
203, 1645 
204, 1654 
205, 1649 
206, 1637 
207, 1621 
208, 1606 
209, 1562 
210, 1492 
211, 1381 
212, 1254 
213, 1106 
214, 936 
215, 780 
216, 647 
217, 528 
218, 423 
219, 312 
220, 184 
221, 57 
222, -81 
223, -207 
224, -309 
225, -400 
226, -485 
227, -555 
228, -619 
229, -705 
230, -805 
231, -921 
232, -1022 
233, -1091 
234, -1146 
235, -1158 
236, -1145 
237, -1124 
238, -1101 
239, -1098 
240, -1103 
241, -1092 
242, -1095 
243, -1098 
244, -1065 
245, -1024 
246, -966 
247, -917 
248, -904 
249, -890 
250, -894 
251, -918 
252, -932 
253, -929 
254, -900 
255, -848 
256, -770 
257, -679 
258, -574 
259, -478 
260, -380 
261, -273 
262, -178 
263, -71 
264, 55 
265, 199 
266, 358 
267, 534 
268, 685 
269, 811 
270, 926 
271, 1016 
272, 1109 
273, 1213 
274, 1343 
275, 1514 
276, 1671 
277, 1815 
278, 1936 
279, 2020 
280, 2053 
281, 2043 
282, 2032 
283, 2019 
284, 2006 
285, 1976 
286, 1928 
287, 1851 
288, 1743 
289, 1599 
290, 1419 
291, 1225 
292, 1013 
293, 812 
294, 634 
295, 465 
296, 297 
297, 141 
298, -17 
299, -185 
300, -374 
301, -569 
302, -759 
303, -946 
304, -1098 
305, -1215 
306, -1327 
307, -1418 
308, -1503 
309, -1587 
310, -1665 
311, -1723 
312, -1749 
313, -1751 
314, -1723 
315, -1675 
316, -1619 
317, -1551 
318, -1484 
319, -1438 
320, -1395 
321, -1357 
322, -1312 
323, -1254 
324, -1221 
325, -1190 
326, -1150 
327, -1113 
328, -1098 
329, -1095 
330, -1102 
331, -1107 
332, -1108 
333, -1102 
334, -1096 
335, -1093 
336, -1102 
337, -1113 
338, -1123 
339, -1157 
340, -1186 
341, -1229 
342, -1261 
343, -1280 
344, -1313 
345, -1329 
346, -1341 
347, -1357 
348, -1369 
349, -1354 
350, -1323 
351, -1279 
352, -1225 
353, -1148 
354, -1067 
355, -971 
356, -874 
357, -791 
358, -700 
359, -608 
360, -495 
361, -379 
362, -276 
363, -162 
364, -28 
365, 100 
366, 238 
367, 407 
368, 630 
369, 876 
370, 1117 
371, 1347 
372, 1531 
373, 1663 
374, 1744 
375, 1795 
376, 1867 
377, 1968 
378, 2066 
379, 2147 
380, 2211 
381, 2254 
382, 2221 
383, 2101 
384, 1958 
385, 1868 
386, 1824 
387, 1811 
388, 1801 
389, 1767 
390, 1738 
391, 1668 
392, 1499 
393, 1256 
394, 1035 
395, 844 
396, 694 
397, 579 
398, 513 
399, 443 
400, 315 
401, 154 
402, -56 
403, -262 
404, -453 
405, -594 
406, -665 
407, -650 
408, -580 
409, -567 
410, -616 
411, -702 
412, -821 
413, -943 
414, -1077 
415, -1182 
416, -1226 
417, -1224 
418, -1208 
419, -1208 
420, -1225 
421, -1269 
422, -1339 
423, -1425 
424, -1484 
425, -1495 
426, -1487 
427, -1474 
428, -1435 
429, -1378 
430, -1332 
431, -1335 
432, -1387 
433, -1418 
434, -1415 
435, -1403 
436, -1387 
437, -1353 
438, -1287 
439, -1210 
440, -1124 
441, -1047 
442, -959 
443, -849 
444, -732 
445, -593 
446, -439 
447, -277 
448, -107 
449, 41 
450, 213 
451, 387 
452, 522 
453, 637 
454, 729 
455, 821 
456, 938 
457, 1056 
458, 1174 
459, 1299 
460, 1416 
461, 1536 
462, 1620 
463, 1680 
464, 1708 
465, 1717 
466, 1716 
467, 1709 
468, 1695 
469, 1661 
470, 1615 
471, 1541 
472, 1440 
473, 1312 
474, 1160 
475, 1020 
476, 878 
477, 739 
478, 617 
479, 499 
480, 381 
481, 261 
482, 127 
483, -6 
484, -122 
485, -218 
486, -318 
487, -418 
488, -504 
489, -595 
490, -693 
491, -807 
492, -920 
493, -998 
494, -1056 
495, -1099 
496, -1104 
497, -1093 
498, -1089 
499, -1082 
500, -1083 
501, -1097 
502, -1100 
503, -1088 
504, -1072 
505, -1038 
506, -994 
507, -959 
508, -945 
509, -943 
510, -951 
511, -973 
512, -978 
513, -983 
514, -972 
515, -932 
516, -881 
517, -821 
518, -757 
519, -670 
520, -576 
521, -474 
522, -347 
523, -231 
524, -114 
525, 11 
526, 120 
527, 240 
528, 368 
529, 499 
530, 628 
531, 754 
532, 881 
533, 1013 
534, 1136 
535, 1252 
536, 1385 
537, 1539 
538, 1695 
539, 1825 
540, 1921 
541, 1995 
542, 2031 
543, 2031 
544, 2015 
545, 1988 
546, 1944 
547, 1892 
548, 1838 
549, 1749 
550, 1635 
551, 1490 
552, 1324 
553, 1141 
554, 947 
555, 759 
556, 578 
557, 415 
558, 264 
559, 120 
560, -24 
561, -189 
562, -379 
563, -579 
564, -782 
565, -972 
566, -1133 
567, -1273 
568, -1368 
569, -1449 
570, -1512 
571, -1562 
572, -1621 
573, -1668 
574, -1701 
575, -1710 
576, -1698 
577, -1660 
578, -1607 
579, -1537 
580, -1465 
581, -1415 
582, -1379 
583, -1365 
584, -1359 
585, -1345 
586, -1320 
587, -1281 
588, -1239 
589, -1205 
590, -1175 
591, -1168 
592, -1159 
593, -1152 
594, -1180 
595, -1193 
596, -1207 
597, -1202 
598, -1183 
599, -1171 
600, -1169 
601, -1199 
602, -1253 
603, -1312 
604, -1369 
605, -1426 
606, -1470 
607, -1491 
608, -1484 
609, -1450 
610, -1408 
611, -1374 
612, -1340 
613, -1283 
614, -1224 
615, -1173 
616, -1097 
617, -1008 
618, -909 
619, -804 
620, -690 
621, -573 
622, -454 
623, -330 
624, -210 
625, -79 
626, 83 
627, 284 
628, 515 
629, 789 
630, 1061 
631, 1318 
632, 1536 
633, 1667 
634, 1761 
635, 1845 
636, 1957 
637, 2087 
638, 2195 
639, 2304 
640, 2409 
641, 2464 
642, 2439 
643, 2330 
644, 2213 
645, 2112 
646, 2050 
647, 2041 
648, 2027 
649, 2004 
650, 1968 
651, 1888 
652, 1723 
653, 1492 
654, 1238 
655, 1010 
656, 829 
657, 694 
658, 610 
659, 518 
660, 381 
661, 217 
662, 22 
663, -207 
664, -420 
665, -590 
666, -692 
667, -687 
668, -632 
669, -606 
670, -651 
671, -734 
672, -831 
673, -959 
674, -1087 
675, -1196 
676, -1257 
677, -1253 
678, -1227 
679, -1220 
680, -1222 
681, -1263 
682, -1337 
683, -1421 
684, -1482 
685, -1514 
686, -1519 
687, -1499 
688, -1462 
689, -1397 
690, -1357 
691, -1372 
692, -1427 
693, -1477 
694, -1497 
695, -1514 
696, -1528 
697, -1511 
698, -1461 
699, -1376 
700, -1291 
701, -1224 
702, -1146 
703, -1048 
704, -945 
705, -823 
706, -683 
707, -525 
708, -355 
709, -175 
710, -9 
711, 160 
712, 330 
713, 450 
714, 559 
715, 679 
716, 807 
717, 939 
718, 1085 
719, 1232 
720, 1371 
721, 1517 
722, 1634 
723, 1703 
724, 1757 
725, 1784 
726, 1806 
727, 1831 
728, 1834 
729, 1829 
730, 1811 
731, 1756 
732, 1658 
733, 1552 
734, 1415 
735, 1257 
736, 1119 
737, 979 
738, 865 
739, 755 
740, 648 
741, 531 
742, 388 
743, 243 
744, 104 
745, -22 
746, -141 
747, -250 
748, -352 
749, -455 
750, -561 
751, -679 
752, -799 
753, -905 
754, -989 
755, -1043 
756, -1066 
757, -1074 
758, -1084 
759, -1081 
760, -1085 
761, -1094 
762, -1099 
763, -1113 
764, -1103 
765, -1079 
766, -1047 
767, -1011 
768, -993 
769, -1003 
770, -1019 
771, -1038 
772, -1059 
773, -1073 
774, -1064 
775, -1028 
776, -995 
777, -946 
778, -889 
779, -843 
780, -764 
781, -683 
782, -599 
783, -487 
784, -366 
785, -257 
786, -156 
787, -52 
788, 55 
789, 176 
790, 296 
791, 417 
792, 563 
793, 723 
794, 877 
795, 1014 
796, 1143 
797, 1284 
798, 1428 
799, 1584 
800, 1723 
801, 1835 
802, 1933 
803, 2013 
804, 2058 
805, 2066 
806, 2058 
807, 2039 
808, 1984 
809, 1933 
810, 1876 
811, 1780 
812, 1664 
813, 1530 
814, 1379 
815, 1218 
816, 1052 
817, 871 
818, 701 
819, 537 
820, 392 
821, 242 
822, 60 
823, -132 
824, -351 
825, -577 
826, -786 
827, -977 
828, -1141 
829, -1268 
830, -1364 
831, -1438 
832, -1492 
833, -1554 
834, -1626 
835, -1694 
836, -1734 
837, -1740 
838, -1734 
839, -1705 
840, -1654 
841, -1587 
842, -1529 
843, -1497 
844, -1490 
845, -1484 
846, -1474 
847, -1462 
848, -1421 
849, -1376 
850, -1325 
851, -1274 
852, -1237 
853, -1212 
854, -1202 
855, -1199 
856, -1213 
857, -1215 
858, -1200 
859, -1170 
860, -1164 
861, -1173 
862, -1192 
863, -1220 
864, -1270 
865, -1340 
866, -1387 
867, -1433 
868, -1445 
869, -1427 
870, -1406 
871, -1385 
872, -1360 
873, -1345 
874, -1339 
875, -1302 
876, -1255 
877, -1197 
878, -1120 
879, -1029 
880, -933 
881, -830 
882, -724 
883, -632 
884, -532 
885, -395 
886, -265 
887, -143 
888, 15 
889, 226 
890, 484 
891, 771 
892, 1049 
893, 1294 
894, 1505 
895, 1669 
896, 1771 
897, 1844 
898, 1954 
899, 2092 
900, 2219 
901, 2334 
902, 2435 
903, 2495 
904, 2482 
905, 2381 
906, 2261 
907, 2187 
908, 2172 
909, 2168 
910, 2157 
911, 2136 
912, 2093 
913, 2006 
914, 1827 
915, 1567 
916, 1291 
917, 1072 
918, 903 
919, 766 
920, 677 
921, 590 
922, 452 
923, 263 
924, 43 
925, -192 
926, -415 
927, -589 
928, -666 
929, -645 
930, -587 
931, -561 
932, -621 
933, -724 
934, -840 
935, -982 
936, -1121 
937, -1224 
938, -1265 
939, -1247 
940, -1226 
941, -1201 
942, -1195 
943, -1245 
944, -1320 
945, -1401 
946, -1462 
947, -1477 
948, -1469 
949, -1455 
950, -1412 
951, -1349 
952, -1322 
953, -1360 
954, -1435 
955, -1503 
956, -1535 
957, -1548 
958, -1557 
959, -1552 
960, -1510 
961, -1436 
962, -1371 
963, -1310 
964, -1246 
965, -1166 
966, -1062 
967, -952 
968, -817 
969, -664 
970, -494 
971, -317 
972, -160 
973, 4 
974, 154 
975, 265 
976, 368 
977, 489 
978, 613 
979, 759 
980, 934 
981, 1101 
982, 1266 
983, 1424 
984, 1555 
985, 1651 
986, 1715 
987, 1756 
988, 1785 
989, 1815 
990, 1847 
991, 1863 
992, 1842 
993, 1799 
994, 1734 
995, 1639 
996, 1500 
997, 1349 
998, 1216 
999, 1099 
1000, 1005 
1001, 912 
1002, 803 
1003, 688 
1004, 550 
1005, 408 
1006, 262 
1007, 125 
1008, 12 
1009, -91 
1010, -207 
1011, -316 
1012, -416 
1013, -542 
1014, -674 
1015, -796 
1016, -892 
1017, -952 
1018, -975 
1019, -979 
1020, -972 
1021, -966 
1022, -971 
1023, -990 
1024, -1001 
1025, -1014 
1026, -1030 
1027, -1019 
1028, -990 
1029, -951 
1030, -938 
1031, -954 
1032, -972 
1033, -993 
1034, -1018 
1035, -1055 
1036, -1066 
1037, -1041 
1038, -1000 
1039, -961 
1040, -918 
1041, -867 
1042, -823 
1043, -760 
1044, -691 
1045, -608 
1046, -509 
1047, -404 
1048, -309 
1049, -219 
1050, -129 
1051, -35 
1052, 73 
1053, 185 
1054, 305 
1055, 441 
1056, 598 
1057, 771 
1058, 926 
1059, 1063 
1060, 1200 
1061, 1356 
1062, 1507 
1063, 1627 
1064, 1720 
1065, 1822 
1066, 1905 
1067, 1959 
1068, 1982 
1069, 1987 
1070, 1988 
1071, 1960 
1072, 1903 
1073, 1829 
1074, 1742 
1075, 1642 
1076, 1525 
1077, 1387 
1078, 1244 
1079, 1110 
1080, 966 
1081, 791 
1082, 605 
1083, 453 
1084, 293 
1085, 90 
1086, -119 
1087, -334 
1088, -531 
1089, -729 
1090, -920 
1091, -1096 
1092, -1223 
1093, -1320 
1094, -1421 
1095, -1501 
1096, -1564 
1097, -1618 
1098, -1673 
1099, -1713 
1100, -1715 
1101, -1707 
1102, -1690 
1103, -1657 
1104, -1619 
1105, -1574 
1106, -1535 
1107, -1523 
1108, -1514 
1109, -1500 
1110, -1461 
1111, -1417 
1112, -1383 
1113, -1332 
1114, -1277 
1115, -1238 
1116, -1221 
1117, -1207 
1118, -1187 
1119, -1172 
1120, -1171 
1121, -1173 
1122, -1159 
1123, -1152 
1124, -1161 
1125, -1194 
1126, -1232 
1127, -1270 
1128, -1325 
1129, -1361 
1130, -1390 
1131, -1408 
1132, -1395 
1133, -1371 
1134, -1364 
1135, -1358 
1136, -1366 
1137, -1367 
1138, -1336 
1139, -1305 
1140, -1261 
1141, -1195 
1142, -1121 
1143, -1014 
1144, -901 
1145, -788 
1146, -679 
1147, -578 
1148, -475 
1149, -352 
1150, -218 
1151, -48 
1152, 173 
1153, 437 
1154, 737 
1155, 1031 
1156, 1287 
1157, 1487 
1158, 1619 
1159, 1707 
1160, 1807 
1161, 1930 
1162, 2076 
1163, 2226 
1164, 2350 
1165, 2459 
1166, 2538 
1167, 2527 
1168, 2435 
1169, 2327 
1170, 2259 
1171, 2248 
1172, 2265 
1173, 2272 
1174, 2242 
1175, 2176 
1176, 2077 
1177, 1893 
1178, 1620 
1179, 1350 
1180, 1123 
1181, 946 
1182, 838 
1183, 749 
1184, 649 
1185, 500 
1186, 300 
1187, 78 
1188, -156 
1189, -367 
1190, -532 
1191, -604 
1192, -585 
1193, -538 
1194, -536 
1195, -598 
1196, -710 
1197, -840 
1198, -967 
1199, -1110 
1200, -1219 
1201, -1264 
1202, -1257 
1203, -1216 
1204, -1172 
1205, -1154 
1206, -1188 
1207, -1271 
1208, -1341 
1209, -1396 
1210, -1439 
1211, -1436 
1212, -1432 
1213, -1412 
1214, -1367 
1215, -1352 
1216, -1378 
1217, -1440 
1218, -1512 
1219, -1551 
1220, -1572 
1221, -1593 
1222, -1595 
1223, -1561 
1224, -1501 
1225, -1438 
1226, -1372 
1227, -1316 
1228, -1249 
1229, -1154 
1230, -1060 
1231, -942 
1232, -791 
1233, -636 
1234, -469 
1235, -300 
1236, -140 
1237, -2 
1238, 117 
1239, 226 
1240, 342 
1241, 480 
1242, 641 
1243, 827 
1244, 1012 
1245, 1202 
1246, 1358 
1247, 1498 
1248, 1603 
1249, 1670 
1250, 1725 
1251, 1760 
1252, 1808 
1253, 1857 
1254, 1888 
1255, 1886 
1256, 1857 
1257, 1795 
1258, 1698 
1259, 1582 
1260, 1463 
1261, 1338 
1262, 1229 
1263, 1150 
1264, 1059 
1265, 956 
1266, 843 
1267, 709 
1268, 556 
1269, 408 
1270, 266 
1271, 141 
1272, 33 
1273, -75 
1274, -202 
1275, -330 
1276, -448 
1277, -576 
1278, -689 
1279, -784 
1280, -846 
1281, -852 
1282, -862 
1283, -862 
1284, -863 
1285, -887 
1286, -903 
1287, -932 
1288, -952 
1289, -970 
1290, -972 
1291, -940 
1292, -915 
1293, -899 
1294, -903 
1295, -926 
1296, -957 
1297, -992 
1298, -1012 
1299, -1012 
1300, -1001 
1301, -979 
1302, -931 
1303, -872 
1304, -817 
1305, -753 
1306, -700 
1307, -655 
1308, -610 
1309, -551 
1310, -483 
1311, -415 
1312, -330 
1313, -232 
1314, -144 
1315, -51 
1316, 60 
1317, 161 
1318, 255 
1319, 367 
1320, 509 
1321, 677 
1322, 857 
1323, 1024 
1324, 1171 
1325, 1312 
1326, 1426 
1327, 1506 
1328, 1563 
1329, 1606 
1330, 1658 
1331, 1703 
1332, 1757 
1333, 1805 
1334, 1820 
1335, 1798 
1336, 1723 
1337, 1633 
1338, 1546 
1339, 1456 
1340, 1347 
1341, 1248 
1342, 1167 
1343, 1090 
1344, 992 
1345, 825 
1346, 621 
1347, 414 
1348, 205 
1349, -12 
1350, -210 
1351, -375 
1352, -534 
1353, -665 
1354, -790 
1355, -931 
1356, -1055 
1357, -1197 
1358, -1334 
1359, -1421 
1360, -1483 
1361, -1536 
1362, -1572 
1363, -1579 
1364, -1557 
1365, -1534 
1366, -1550 
1367, -1591 
1368, -1609 
1369, -1607 
1370, -1590 
1371, -1549 
1372, -1504 
1373, -1456 
1374, -1402 
1375, -1351 
1376, -1319 
1377, -1314 
1378, -1306 
1379, -1297 
1380, -1284 
1381, -1247 
1382, -1200 
1383, -1166 
1384, -1163 
1385, -1162 
1386, -1173 
1387, -1204 
1388, -1257 
1389, -1316 
1390, -1359 
1391, -1383 
1392, -1393 
1393, -1396 
1394, -1386 
1395, -1406 
1396, -1407 
1397, -1408 
1398, -1436 
1399, -1453 
1400, -1464 
1401, -1447 
1402, -1397 
1403, -1346 
1404, -1294 
1405, -1236 
1406, -1169 
1407, -1099 
1408, -1029 
1409, -933 
1410, -821 
1411, -688 
1412, -539 
1413, -368 
1414, -134 
1415, 150 
1416, 460 
1417, 750 
1418, 1008 
1419, 1246 
1420, 1430 
1421, 1577 
1422, 1697 
1423, 1844 
1424, 2030 
1425, 2217 
1426, 2374 
1427, 2509 
1428, 2626 
1429, 2667 
1430, 2643 
1431, 2597 
1432, 2568 
1433, 2576 
1434, 2595 
1435, 2596 
1436, 2576 
1437, 2535 
1438, 2441 
1439, 2251 
1440, 1986 
1441, 1710 
1442, 1477 
1443, 1282 
1444, 1114 
1445, 966 
1446, 836 
1447, 685 
1448, 477 
1449, 231 
1450, -12 
1451, -233 
1452, -419 
1453, -511 
1454, -532 
1455, -541 
1456, -563 
1457, -642 
1458, -765 
1459, -892 
1460, -1028 
1461, -1160 
1462, -1267 
1463, -1304 
1464, -1280 
1465, -1240 
1466, -1211 
1467, -1197 
1468, -1211 
1469, -1250 
1470, -1302 
1471, -1348 
1472, -1369 
1473, -1367 
1474, -1355 
1475, -1327 
1476, -1296 
1477, -1283 
1478, -1326 
1479, -1406 
1480, -1479 
1481, -1535 
1482, -1570 
1483, -1611 
1484, -1643 
1485, -1631 
1486, -1590 
1487, -1556 
1488, -1528 
1489, -1492 
1490, -1442 
1491, -1368 
1492, -1293 
1493, -1200 
1494, -1087 
1495, -974 
1496, -830 
1497, -695 
1498, -552 
1499, -405 
1500, -285 
1501, -163 
1502, -12 
1503, 140 
1504, 327 
1505, 541 
1506, 742 
1507, 962 
1508, 1163 
1509, 1325 
1510, 1480 
1511, 1601 
1512, 1696 
1513, 1785 
1514, 1853 
1515, 1932 
1516, 2014 
1517, 2043 
1518, 2047 
1519, 2021 
1520, 1958 
1521, 1878 
1522, 1779 
1523, 1674 
1524, 1589 
1525, 1502 
1526, 1420 
1527, 1314 
1528, 1186 
1529, 1052 
1530, 898 
1531, 727 
1532, 556 
1533, 393 
1534, 250 
1535, 119 
1536, -25 
1537, -171 
1538, -315 
1539, -452 
1540, -591 
1541, -700 
1542, -777 
1543, -827 
1544, -840 
1545, -856 
1546, -868 
1547, -889 
1548, -919 
1549, -934 
1550, -953 
1551, -966 
1552, -966 
1553, -957 
1554, -920 
1555, -892 
1556, -897 
1557, -910 
1558, -932 
1559, -945 
1560, -960 
1561, -986 
1562, -973 
1563, -938 
1564, -901 
1565, -848 
1566, -823 
1567, -799 
1568, -753 
1569, -732 
1570, -717 
1571, -681 
1572, -626 
1573, -566 
1574, -500 
1575, -420 
1576, -323 
1577, -217 
1578, -105 
1579, -17 
1580, 78 
1581, 223 
1582, 362 
1583, 496 
1584, 650 
1585, 824 
1586, 987 
1587, 1125 
1588, 1244 
1589, 1332 
1590, 1423 
1591, 1506 
1592, 1560 
1593, 1624 
1594, 1699 
1595, 1759 
1596, 1783 
1597, 1793 
1598, 1767 
1599, 1704 
1600, 1619 
1601, 1526 
1602, 1456 
1603, 1382 
1604, 1289 
1605, 1180 
1606, 1054 
1607, 914 
1608, 740 
1609, 522 
1610, 304 
1611, 90 
1612, -97 
1613, -278 
1614, -452 
1615, -607 
1616, -743 
1617, -888 
1618, -1040 
1619, -1179 
1620, -1309 
1621, -1404 
1622, -1479 
1623, -1533 
1624, -1552 
1625, -1549 
1626, -1556 
1627, -1567 
1628, -1577 
1629, -1578 
1630, -1572 
1631, -1581 
1632, -1566 
1633, -1526 
1634, -1474 
1635, -1419 
1636, -1377 
1637, -1332 
1638, -1290 
1639, -1264 
1640, -1245 
1641, -1215 
1642, -1194 
1643, -1172 
1644, -1151 
1645, -1151 
1646, -1169 
1647, -1201 
1648, -1250 
1649, -1306 
1650, -1354 
1651, -1406 
1652, -1456 
1653, -1502 
1654, -1546 
1655, -1578 
1656, -1612 
1657, -1659 
1658, -1702 
1659, -1728 
1660, -1742 
1661, -1756 
1662, -1747 
1663, -1719 
1664, -1679 
1665, -1613 
1666, -1560 
1667, -1499 
1668, -1390 
1669, -1292 
1670, -1190 
1671, -1052 
1672, -904 
1673, -740 
1674, -536 
1675, -268 
1676, 55 
1677, 402 
1678, 737 
1679, 1044 
1680, 1320 
1681, 1534 
1682, 1685 
1683, 1840 
1684, 2025 
1685, 2249 
1686, 2448 
1687, 2626 
1688, 2783 
1689, 2891 
1690, 2932 
1691, 2894 
1692, 2833 
1693, 2809 
1694, 2816 
1695, 2837 
1696, 2847 
1697, 2839 
1698, 2799 
1699, 2672 
1700, 2446 
1701, 2154 
1702, 1865 
1703, 1618 
1704, 1414 
1705, 1245 
1706, 1101 
1707, 961 
1708, 779 
1709, 537 
1710, 264 
1711, -3 
1712, -227 
1713, -389 
1714, -471 
1715, -470 
1716, -453 
1717, -475 
1718, -554 
1719, -672 
1720, -821 
1721, -973 
1722, -1115 
1723, -1208 
1724, -1226 
1725, -1195 
1726, -1143 
1727, -1096 
1728, -1085 
1729, -1118 
1730, -1179 
1731, -1263 
1732, -1329 
1733, -1356 
1734, -1367 
1735, -1364 
1736, -1329 
1737, -1285 
1738, -1305 
1739, -1371 
1740, -1469 
1741, -1570 
1742, -1648 
1743, -1736 
1744, -1807 
1745, -1862 
1746, -1862 
1747, -1836 
1748, -1817 
1749, -1809 
1750, -1793 
1751, -1732 
1752, -1683 
1753, -1635 
1754, -1537 
1755, -1418 
1756, -1273 
1757, -1115 
1758, -964 
1759, -801 
1760, -655 
1761, -520 
1762, -385 
1763, -243 
1764, -55 
1765, 157 
1766, 385 
1767, 626 
1768, 880 
1769, 1115 
1770, 1313 
1771, 1473 
1772, 1614 
1773, 1736 
1774, 1838 
1775, 1943 
1776, 2041 
1777, 2134 
1778, 2212 
1779, 2234 
1780, 2218 
1781, 2166 
1782, 2068 
1783, 1949 
1784, 1841 
1785, 1753 
1786, 1678 
1787, 1607 
1788, 1512 
1789, 1405 
1790, 1277 
1791, 1121 
1792, 945 
1793, 750 
1794, 575 
1795, 420 
1796, 275 
1797, 130 
1798, -21 
1799, -153 
1800, -295 
1801, -426 
1802, -536 
1803, -626 
1804, -683 
1805, -710 
1806, -736 
1807, -757 
1808, -781 
1809, -798 
1810, -816 
1811, -838 
1812, -850 
1813, -846 
1814, -833 
1815, -818 
1816, -805 
1817, -824 
1818, -850 
1819, -870 
1820, -915 
1821, -958 
1822, -984 
1823, -1002 
1824, -988 
1825, -974 
1826, -966 
1827, -948 
1828, -958 
1829, -980 
1830, -992 
1831, -1008 
1832, -1004 
1833, -982 
1834, -951 
1835, -910 
1836, -874 
1837, -826 
1838, -778 
1839, -723 
1840, -654 
1841, -564 
1842, -442 
1843, -295 
1844, -110 
1845, 78 
1846, 249 
1847, 409 
1848, 562 
1849, 710 
1850, 862 
1851, 1002 
1852, 1146 
1853, 1327 
1854, 1509 
1855, 1662 
1856, 1783 
1857, 1866 
1858, 1914 
1859, 1943 
1860, 1951 
1861, 1965 
1862, 1980 
1863, 1996 
1864, 2008 
1865, 1982 
1866, 1923 
1867, 1823 
1868, 1666 
1869, 1469 
1870, 1261 
1871, 1088 
1872, 938 
1873, 754 
1874, 580 
1875, 414 
1876, 220 
1877, -3 
1878, -236 
1879, -458 
1880, -664 
1881, -843 
1882, -979 
1883, -1084 
1884, -1179 
1885, -1271 
1886, -1369 
1887, -1464 
1888, -1549 
1889, -1636 
1890, -1717 
1891, -1751 
1892, -1736 
1893, -1689 
1894, -1651 
1895, -1624 
1896, -1603 
1897, -1580 
1898, -1561 
1899, -1556 
1900, -1526 
1901, -1474 
1902, -1401 
1903, -1323 
1904, -1257 
1905, -1213 
1906, -1191 
1907, -1200 
1908, -1223 
1909, -1242 
1910, -1254 
1911, -1259 
1912, -1274 
1913, -1277 
1914, -1268 
1915, -1282 
1916, -1323 
1917, -1383 
1918, -1444 
1919, -1500 
1920, -1546 
1921, -1568 
1922, -1588 
1923, -1601 
1924, -1611 
1925, -1632 
1926, -1638 
1927, -1647 
1928, -1652 
1929, -1645 
1930, -1600 
1931, -1519 
1932, -1442 
1933, -1347 
1934, -1233 
1935, -1110 
1936, -982 
1937, -845 
1938, -711 
1939, -564 
1940, -367 
1941, -134 
1942, 166 
1943, 504 
1944, 811 
1945, 1080 
1946, 1313 
1947, 1481 
1948, 1613 
1949, 1749 
1950, 1897 
1951, 2058 
1952, 2260 
1953, 2453 
1954, 2618 
1955, 2743 
1956, 2779 
1957, 2729 
1958, 2655 
1959, 2610 
1960, 2600 
1961, 2606 
1962, 2599 
1963, 2599 
1964, 2575 
1965, 2490 
1966, 2307 
1967, 2023 
1968, 1738 
1969, 1501 
1970, 1299 
1971, 1134 
1972, 998 
1973, 885 
1974, 762 
1975, 594 
1976, 386 
1977, 134 
1978, -94 
1979, -275 
1980, -386 
1981, -405 
1982, -399 
1983, -415 
1984, -478 
1985, -570 
1986, -688 
1987, -826 
1988, -971 
1989, -1092 
1990, -1135 
1991, -1103 
1992, -1041 
1993, -993 
1994, -967 
1995, -975 
1996, -1035 
1997, -1107 
1998, -1193 
1999, -1273 
2000, -1326 
2001, -1337 
2002, -1307 
2003, -1263 
2004, -1242 
2005, -1283 
2006, -1368 
2007, -1468 
2008, -1564 
2009, -1661 
2010, -1755 
2011, -1816 
2012, -1817 
2013, -1779 
2014, -1731 
2015, -1693 
2016, -1669 
2017, -1653 
2018, -1625 
2019, -1583 
2020, -1542 
2021, -1459 
2022, -1344 
2023, -1209 
2024, -1048 
2025, -884 
2026, -728 
2027, -602 
2028, -491 
2029, -352 
2030, -203 
2031, -21 
2032, 184 
2033, 398 
2034, 640 
2035, 880 
2036, 1081 
2037, 1234 
2038, 1356 
2039, 1463 
2040, 1553 
2041, 1650 
2042, 1750 
2043, 1845 
2044, 1933 
2045, 1987 
2046, 1997 
2047, 1972 
2048, 1917 
2049, 1830 
2050, 1742 
2051, 1670 
2052, 1614 
2053, 1557 
2054, 1500 
2055, 1419 
2056, 1304 
2057, 1173 
2058, 1008 
2059, 826 
2060, 657 
2061, 510 
2062, 374 
2063, 253 
2064, 146 
2065, 40 
2066, -64 
2067, -181 
2068, -296 
2069, -382 
2070, -448 
2071, -496 
2072, -534 
2073, -565 
2074, -590 
2075, -604 
2076, -629 
2077, -657 
2078, -673 
2079, -693 
2080, -702 
2081, -683 
2082, -686 
2083, -701 
2084, -723 
2085, -753 
2086, -776 
2087, -812 
2088, -828 
2089, -831 
2090, -823 
2091, -780 
2092, -741 
2093, -728 
2094, -717 
2095, -734 
2096, -748 
2097, -764 
2098, -777 
2099, -770 
2100, -737 
2101, -693 
2102, -665 
2103, -631 
2104, -603 
2105, -571 
2106, -534 
2107, -471 
2108, -371 
2109, -261 
2110, -130 
2111, 5 
2112, 128 
2113, 253 
2114, 385 
2115, 501 
2116, 583 
2117, 679 
2118, 809 
2119, 934 
2120, 1055 
2121, 1157 
2122, 1243 
2123, 1317 
2124, 1378 
2125, 1410 
2126, 1422 
2127, 1435 
2128, 1448 
2129, 1473 
2130, 1490 
2131, 1482 
2132, 1442 
2133, 1350 
2134, 1235 
2135, 1102 
2136, 953 
2137, 815 
2138, 671 
2139, 541 
2140, 416 
2141, 280 
2142, 126 
2143, -39 
2144, -214 
2145, -412 
2146, -581 
2147, -719 
2148, -851 
2149, -951 
2150, -1046 
2151, -1121 
2152, -1186 
2153, -1255 
2154, -1331 
2155, -1419 
2156, -1479 
2157, -1517 
2158, -1540 
2159, -1547 
2160, -1557 
2161, -1538 
2162, -1505 
2163, -1490 
2164, -1484 
2165, -1486 
2166, -1462 
2167, -1420 
2168, -1380 
2169, -1323 
2170, -1276 
2171, -1240 
2172, -1228 
2173, -1234 
2174, -1243 
2175, -1273 
2176, -1294 
2177, -1320 
2178, -1336 
2179, -1345 
2180, -1355 
2181, -1375 
2182, -1406 
2183, -1449 
2184, -1498 
2185, -1547 
2186, -1592 
2187, -1616 
2188, -1628 
2189, -1646 
2190, -1667 
2191, -1664 
2192, -1655 
2193, -1645 
2194, -1632 
2195, -1608 
2196, -1558 
2197, -1486 
2198, -1403 
2199, -1301 
2200, -1172 
2201, -1012 
2202, -822 
2203, -587 
2204, -289 
2205, 18 
2206, 318 
2207, 581 
2208, 804 
2209, 994 
2210, 1176 
2211, 1365 
2212, 1578 
2213, 1821 
2214, 2058 
2215, 2292 
2216, 2491 
2217, 2636 
2218, 2710 
2219, 2725 
2220, 2741 
2221, 2794 
2222, 2872 
2223, 2948 
2224, 2989 
2225, 2999 
2226, 2993 
2227, 2900 
2228, 2691 
2229, 2430 
2230, 2192 
2231, 1986 
2232, 1815 
2233, 1643 
2234, 1471 
2235, 1305 
2236, 1116 
2237, 879 
2238, 614 
2239, 356 
2240, 128 
2241, -25 
2242, -122 
2243, -186 
2244, -236 
2245, -318 
2246, -464 
2247, -619 
2248, -766 
2249, -918 
2250, -1051 
2251, -1141 
2252, -1161 
2253, -1130 
2254, -1096 
2255, -1074 
2256, -1066 
2257, -1089 
2258, -1135 
2259, -1170 
2260, -1203 
2261, -1227 
2262, -1229 
2263, -1217 
2264, -1174 
2265, -1130 
2266, -1139 
2267, -1208 
2268, -1289 
2269, -1364 
2270, -1444 
2271, -1533 
2272, -1637 
2273, -1704 
2274, -1702 
2275, -1687 
2276, -1691 
2277, -1706 
2278, -1725 
2279, -1711 
2280, -1700 
2281, -1717 
2282, -1704 
2283, -1651 
2284, -1567 
2285, -1478 
2286, -1387 
2287, -1282 
2288, -1165 
2289, -1064 
2290, -972 
2291, -850 
2292, -691 
2293, -512 
2294, -314 
2295, -83 
2296, 159 
2297, 407 
2298, 630 
2299, 813 
2300, 984 
2301, 1148 
2302, 1302 
2303, 1473 
2304, 1630 
2305, 1768 
2306, 1903 
2307, 2006 
2308, 2055 
2309, 2076 
2310, 2059 
2311, 2030 
2312, 2012 
2313, 1997 
2314, 1987 
2315, 1967 
2316, 1927 
2317, 1860 
2318, 1760 
2319, 1617 
2320, 1459 
2321, 1283 
2322, 1117 
2323, 971 
2324, 812 
2325, 656 
2326, 508 
2327, 358 
2328, 207 
2329, 53 
2330, -95 
2331, -209 
2332, -297 
2333, -375 
2334, -445 
2335, -499 
2336, -539 
2337, -588 
2338, -641 
2339, -675 
2340, -702 
2341, -719 
2342, -724 
2343, -727 
2344, -739 
2345, -757 
2346, -771 
2347, -788 
2348, -794 
2349, -806 
2350, -819 
2351, -810 
2352, -789 
2353, -748 
2354, -693 
2355, -678 
2356, -668 
2357, -665 
2358, -689 
2359, -711 
2360, -725 
2361, -733 
2362, -713 
2363, -685 
2364, -680 
2365, -678 
2366, -672 
2367, -679 
2368, -676 
2369, -665 
2370, -620 
2371, -527 
2372, -424 
2373, -297 
2374, -174 
2375, -67 
2376, 51 
2377, 142 
2378, 224 
2379, 319 
2380, 434 
2381, 564 
2382, 692 
2383, 803 
2384, 901 
2385, 1005 
2386, 1070 
2387, 1129 
2388, 1196 
2389, 1244 
2390, 1320 
2391, 1391 
2392, 1457 
2393, 1513 
2394, 1513 
2395, 1494 
2396, 1436 
2397, 1325 
2398, 1215 
2399, 1109 
2400, 999 
2401, 890 
2402, 777 
2403, 640 
2404, 504 
2405, 352 
2406, 170 
2407, -21 
2408, -212 
2409, -381 
2410, -514 
2411, -634 
2412, -750 
2413, -848 
2414, -940 
2415, -1038 
2416, -1148 
2417, -1264 
2418, -1377 
2419, -1474 
2420, -1545 
2421, -1588 
2422, -1610 
2423, -1605 
2424, -1597 
2425, -1598 
2426, -1595 
2427, -1590 
2428, -1572 
2429, -1545 
2430, -1506 
2431, -1448 
2432, -1387 
2433, -1332 
2434, -1289 
2435, -1273 
2436, -1264 
2437, -1265 
2438, -1283 
2439, -1293 
2440, -1292 
2441, -1298 
2442, -1292 
2443, -1298 
2444, -1318 
2445, -1350 
2446, -1395 
2447, -1431 
2448, -1459 
2449, -1497 
2450, -1522 
2451, -1540 
2452, -1552 
2453, -1555 
2454, -1582 
2455, -1595 
2456, -1596 
2457, -1586 
2458, -1571 
2459, -1547 
2460, -1491 
2461, -1429 
2462, -1341 
2463, -1225 
2464, -1071 
2465, -854 
2466, -584 
2467, -307 
2468, -35 
2469, 229 
2470, 472 
2471, 675 
2472, 848 
2473, 1035 
2474, 1265 
2475, 1526 
2476, 1781 
2477, 2027 
2478, 2252 
2479, 2448 
2480, 2569 
2481, 2617 
2482, 2653 
2483, 2725 
2484, 2827 
2485, 2923 
2486, 3010 
2487, 3075 
2488, 3107 
2489, 3068 
2490, 2919 
2491, 2693 
2492, 2457 
2493, 2256 
2494, 2085 
2495, 1920 
2496, 1764 
2497, 1597 
2498, 1411 
2499, 1183 
2500, 920 
2501, 642 
2502, 393 
2503, 192 
2504, 52 
2505, -27 
2506, -106 
2507, -196 
2508, -319 
2509, -487 
2510, -658 
2511, -831 
2512, -984 
2513, -1089 
2514, -1140 
2515, -1141 
2516, -1116 
2517, -1078 
2518, -1056 
2519, -1090 
2520, -1141 
2521, -1174 
2522, -1188 
2523, -1193 
2524, -1203 
2525, -1180 
2526, -1120 
2527, -1057 
2528, -1039 
2529, -1077 
2530, -1145 
2531, -1219 
2532, -1277 
2533, -1372 
2534, -1483 
2535, -1541 
2536, -1555 
2537, -1558 
2538, -1572 
2539, -1603 
2540, -1619 
2541, -1624 
2542, -1650 
2543, -1692 
2544, -1703 
2545, -1692 
2546, -1656 
2547, -1593 
2548, -1528 
2549, -1447 
2550, -1355 
2551, -1287 
2552, -1223 
2553, -1132 
2554, -1018 
2555, -869 
2556, -704 
2557, -498 
2558, -259 
2559, -23 
2560, 209 
2561, 419 
2562, 593 
2563, 769 
2564, 951 
2565, 1128 
2566, 1309 
2567, 1465 
2568, 1612 
2569, 1748 
2570, 1848 
2571, 1920 
2572, 1939 
2573, 1948 
2574, 1953 
2575, 1974 
2576, 1993 
2577, 1991 
2578, 1998 
2579, 1981 
2580, 1926 
2581, 1830 
2582, 1686 
2583, 1542 
2584, 1397 
2585, 1237 
2586, 1080 
2587, 926 
2588, 786 
2589, 653 
2590, 506 
2591, 346 
2592, 184 
2593, 56 
2594, -70 
2595, -174 
2596, -256 
2597, -325 
2598, -375 
2599, -426 
2600, -481 
2601, -521 
2602, -551 
2603, -582 
2604, -612 
2605, -638 
2606, -644 
2607, -654 
2608, -685 
2609, -698 
2610, -695 
2611, -692 
2612, -687 
2613, -681 
2614, -646 
2615, -582 
2616, -535 
2617, -518 
2618, -502 
2619, -482 
2620, -474 
2621, -478 
2622, -483 
2623, -492 
2624, -496 
2625, -505 
2626, -522 
2627, -538 
2628, -551 
2629, -575 
2630, -594 
2631, -587 
2632, -556 
2633, -509 
2634, -453 
2635, -390 
2636, -309 
2637, -237 
2638, -176 
2639, -116 
2640, -56 
2641, 7 
2642, 79 
2643, 165 
2644, 235 
2645, 307 
2646, 383 
2647, 447 
2648, 524 
2649, 597 
2650, 662 
2651, 741 
2652, 832 
2653, 932 
2654, 1020 
2655, 1074 
2656, 1093 
2657, 1102 
2658, 1094 
2659, 1063 
2660, 1010 
2661, 939 
2662, 874 
2663, 813 
2664, 736 
2665, 647 
2666, 531 
2667, 403 
2668, 268 
2669, 117 
2670, -26 
2671, -155 
2672, -278 
2673, -383 
2674, -486 
2675, -585 
2676, -676 
2677, -794 
2678, -919 
2679, -1041 
2680, -1166 
2681, -1262 
2682, -1345 
2683, -1418 
2684, -1451 
2685, -1484 
2686, -1517 
2687, -1531 
2688, -1551 
2689, -1572 
2690, -1578 
2691, -1557 
2692, -1520 
2693, -1467 
2694, -1425 
2695, -1392 
2696, -1349 
2697, -1345 
2698, -1356 
2699, -1367 
2700, -1382 
2701, -1391 
2702, -1393 
2703, -1389 
2704, -1381 
2705, -1374 
2706, -1370 
2707, -1380 
2708, -1400 
2709, -1419 
2710, -1436 
2711, -1438 
2712, -1431 
2713, -1432 
2714, -1429 
2715, -1424 
2716, -1423 
2717, -1453 
2718, -1473 
2719, -1473 
2720, -1469 
2721, -1447 
2722, -1400 
2723, -1294 
2724, -1126 
2725, -910 
2726, -658 
2727, -412 
2728, -183 
2729, 30 
2730, 214 
2731, 380 
2732, 540 
2733, 752 
2734, 991 
2735, 1238 
2736, 1492 
2737, 1713 
2738, 1904 
2739, 2047 
2740, 2157 
2741, 2242 
2742, 2336 
2743, 2485 
2744, 2651 
2745, 2800 
2746, 2922 
2747, 3025 
2748, 3067 
2749, 3007 
2750, 2875 
2751, 2714 
2752, 2567 
2753, 2435 
2754, 2312 
2755, 2190 
2756, 2046 
2757, 1881 
2758, 1677 
2759, 1424 
2760, 1143 
2761, 882 
2762, 667 
2763, 511 
2764, 394 
2765, 289 
2766, 185 
2767, 60 
2768, -110 
2769, -306 
2770, -515 
2771, -710 
2772, -870 
2773, -979 
2774, -1030 
2775, -1068 
2776, -1076 
2777, -1090 
2778, -1131 
2779, -1185 
2780, -1259 
2781, -1311 
2782, -1323 
2783, -1321 
2784, -1292 
2785, -1229 
2786, -1156 
2787, -1100 
2788, -1088 
2789, -1124 
2790, -1179 
2791, -1246 
2792, -1318 
2793, -1396 
2794, -1465 
2795, -1480 
2796, -1468 
2797, -1472 
2798, -1485 
2799, -1509 
2800, -1534 
2801, -1553 
2802, -1583 
2803, -1605 
2804, -1600 
2805, -1572 
2806, -1524 
2807, -1473 
2808, -1422 
2809, -1386 
2810, -1355 
2811, -1336 
2812, -1309 
2813, -1249 
2814, -1158 
2815, -1031 
2816, -861 
2817, -669 
2818, -467 
2819, -263 
2820, -79 
2821, 89 
2822, 257 
2823, 428 
2824, 603 
2825, 795 
2826, 986 
2827, 1165 
2828, 1334 
2829, 1472 
2830, 1573 
2831, 1629 
2832, 1655 
2833, 1698 
2834, 1755 
2835, 1816 
2836, 1890 
2837, 1943 
2838, 1987 
2839, 2000 
2840, 1969 
2841, 1893 
2842, 1784 
2843, 1680 
2844, 1568 
2845, 1458 
2846, 1361 
2847, 1248 
2848, 1127 
2849, 975 
2850, 804 
2851, 629 
2852, 455 
2853, 305 
2854, 174 
2855, 75 
2856, -11 
2857, -79 
2858, -134 
2859, -210 
2860, -291 
2861, -364 
2862, -423 
2863, -475 
2864, -534 
2865, -567 
2866, -594 
2867, -623 
2868, -657 
2869, -700 
2870, -727 
2871, -761 
2872, -767 
2873, -747 
2874, -704 
2875, -645 
2876, -590 
2877, -531 
2878, -486 
2879, -479 
2880, -481 
2881, -487 
2882, -497 
2883, -490 
2884, -472 
2885, -457 
2886, -449 
2887, -448 
2888, -471 
2889, -486 
2890, -495 
2891, -488 
2892, -456 
2893, -417 
2894, -352 
2895, -274 
2896, -199 
2897, -139 
2898, -94 
2899, -53 
2900, -27 
2901, 1 
2902, 35 
2903, 84 
2904, 159 
2905, 220 
2906, 270 
2907, 327 
2908, 372 
2909, 414 
2910, 459 
2911, 520 
2912, 603 
2913, 684 
2914, 769 
2915, 830 
2916, 872 
2917, 898 
2918, 890 
2919, 859 
2920, 814 
2921, 766 
2922, 720 
2923, 676 
2924, 634 
2925, 565 
2926, 475 
2927, 367 
2928, 237 
2929, 119 
2930, -3 
2931, -114 
2932, -200 
2933, -274 
2934, -347 
2935, -434 
2936, -532 
2937, -648 
2938, -765 
2939, -900 
2940, -1028 
2941, -1129 
2942, -1228 
2943, -1293 
2944, -1349 
2945, -1407 
2946, -1457 
2947, -1502 
2948, -1545 
2949, -1572 
2950, -1575 
2951, -1569 
2952, -1538 
2953, -1493 
2954, -1467 
2955, -1448 
2956, -1440 
2957, -1449 
2958, -1462 
2959, -1471 
2960, -1485 
2961, -1485 
2962, -1489 
2963, -1486 
2964, -1466 
2965, -1471 
2966, -1479 
2967, -1474 
2968, -1470 
2969, -1473 
2970, -1467 
2971, -1446 
2972, -1403 
2973, -1367 
2974, -1360 
2975, -1355 
2976, -1350 
2977, -1344 
2978, -1336 
2979, -1333 
2980, -1302 
2981, -1225 
2982, -1095 
2983, -920 
2984, -717 
2985, -513 
2986, -304 
2987, -100 
2988, 57 
2989, 196 
2990, 364 
2991, 554 
2992, 780 
2993, 999 
2994, 1217 
2995, 1451 
2996, 1660 
2997, 1810 
2998, 1904 
2999, 1986 
3000, 2083 
3001, 2208 
3002, 2353 
3003, 2489 
3004, 2630 
3005, 2755 
3006, 2846 
3007, 2846 
3008, 2776 
3009, 2687 
3010, 2579 
3011, 2502 
3012, 2418 
3013, 2328 
3014, 2238 
3015, 2128 
3016, 1968 
3017, 1743 
3018, 1501 
3019, 1261 
3020, 1039 
3021, 860 
3022, 712 
3023, 602 
3024, 505 
3025, 385 
3026, 228 
3027, 28 
3028, -167 
3029, -357 
3030, -533 
3031, -674 
3032, -788 
3033, -838 
3034, -872 
3035, -919 
3036, -989 
3037, -1090 
3038, -1183 
3039, -1263 
3040, -1330 
3041, -1376 
3042, -1379 
3043, -1336 
3044, -1267 
3045, -1215 
3046, -1203 
3047, -1221 
3048, -1260 
3049, -1303 
3050, -1386 
3051, -1468 
3052, -1512 
3053, -1528 
3054, -1518 
3055, -1517 
3056, -1511 
3057, -1509 
3058, -1523 
3059, -1550 
3060, -1582 
3061, -1603 
3062, -1603 
3063, -1575 
3064, -1534 
3065, -1483 
3066, -1422 
3067, -1365 
3068, -1330 
3069, -1304 
3070, -1280 
3071, -1250 
3072, -1190 
3073, -1096 
3074, -978 
3075, -822 
3076, -653 
3077, -486 
3078, -323 
3079, -175 
3080, -39 
3081, 99 
3082, 259 
3083, 443 
3084, 634 
3085, 805 
3086, 987 
3087, 1158 
3088, 1273 
3089, 1365 
3090, 1434 
3091, 1491 
3092, 1553 
3093, 1615 
3094, 1686 
3095, 1753 
3096, 1825 
3097, 1869 
3098, 1875 
3099, 1863 
3100, 1816 
3101, 1755 
3102, 1690 
3103, 1618 
3104, 1545 
3105, 1467 
3106, 1378 
3107, 1275 
3108, 1150 
3109, 1003 
3110, 847 
3111, 699 
3112, 557 
3113, 420 
3114, 311 
3115, 212 
3116, 122 
3117, 51 
3118, -18 
3119, -89 
3120, -156 
3121, -225 
3122, -298 
3123, -363 
3124, -420 
3125, -476 
3126, -529 
3127, -589 
3128, -639 
3129, -670 
3130, -697 
3131, -698 
3132, -682 
3133, -674 
3134, -650 
3135, -618 
3136, -593 
3137, -571 
3138, -560 
3139, -549 
3140, -521 
3141, -490 
3142, -481 
3143, -469 
3144, -445 
3145, -439 
3146, -444 
3147, -461 
3148, -477 
3149, -481 
3150, -461 
3151, -434 
3152, -389 
3153, -331 
3154, -278 
3155, -237 
3156, -209 
3157, -185 
3158, -163 
3159, -132 
3160, -88 
3161, -33 
3162, 24 
3163, 81 
3164, 113 
3165, 143 
3166, 164 
3167, 185 
3168, 216 
3169, 261 
3170, 330 
3171, 413 
3172, 495 
3173, 560 
3174, 610 
3175, 644 
3176, 641 
3177, 633 
3178, 635 
3179, 632 
3180, 634 
3181, 628 
3182, 602 
3183, 562 
3184, 502 
3185, 398 
3186, 285 
3187, 182 
3188, 78 
3189, -14 
3190, -72 
3191, -121 
3192, -171 
3193, -225 
3194, -305 
3195, -411 
3196, -539 
3197, -662 
3198, -786 
3199, -899 
3200, -981 
3201, -1062 
3202, -1134 
3203, -1193 
3204, -1265 
3205, -1350 
3206, -1425 
3207, -1482 
3208, -1516 
3209, -1528 
3210, -1515 
3211, -1500 
3212, -1483 
3213, -1467 
3214, -1476 
3215, -1489 
3216, -1520 
3217, -1539 
3218, -1553 
3219, -1557 
3220, -1546 
3221, -1539 
3222, -1525 
3223, -1522 
3224, -1530 
3225, -1548 
3226, -1561 
3227, -1568 
3228, -1554 
3229, -1533 
3230, -1503 
3231, -1452 
3232, -1403 
3233, -1370 
3234, -1360 
3235, -1344 
3236, -1332 
3237, -1297 
3238, -1241 
3239, -1150 
3240, -990 
3241, -798 
3242, -595 
3243, -405 
3244, -241 
3245, -97 
3246, 22 
3247, 137 
3248, 287 
3249, 482 
3250, 718 
3251, 957 
3252, 1178 
3253, 1388 
3254, 1565 
3255, 1678 
3256, 1766 
3257, 1843 
3258, 1947 
3259, 2108 
3260, 2265 
3261, 2413 
3262, 2546 
3263, 2636 
3264, 2674 
3265, 2638 
3266, 2559 
3267, 2486 
3268, 2421 
3269, 2377 
3270, 2341 
3271, 2305 
3272, 2250 
3273, 2142 
3274, 1976 
3275, 1761 
3276, 1544 
3277, 1339 
3278, 1154 
3279, 1016 
3280, 900 
3281, 801 
3282, 690 
3283, 542 
3284, 369 
3285, 167 
3286, -40 
3287, -222 
3288, -373 
3289, -495 
3290, -573 
3291, -622 
3292, -680 
3293, -742 
3294, -829 
3295, -941 
3296, -1061 
3297, -1158 
3298, -1228 
3299, -1276 
3300, -1290 
3301, -1270 
3302, -1228 
3303, -1209 
3304, -1219 
3305, -1255 
3306, -1324 
3307, -1399 
3308, -1465 
3309, -1538 
3310, -1571 
3311, -1555 
3312, -1533 
3313, -1515 
3314, -1520 
3315, -1524 
3316, -1544 
3317, -1594 
3318, -1632 
3319, -1671 
3320, -1677 
3321, -1641 
3322, -1597 
3323, -1523 
3324, -1463 
3325, -1434 
3326, -1403 
3327, -1380 
3328, -1364 
3329, -1336 
3330, -1252 
3331, -1131 
3332, -989 
3333, -835 
3334, -683 
3335, -532 
3336, -400 
3337, -291 
3338, -177 
3339, -52 
3340, 98 
3341, 280 
3342, 463 
3343, 648 
3344, 811 
3345, 960 
3346, 1072 
3347, 1145 
3348, 1215 
3349, 1286 
3350, 1372 
3351, 1468 
3352, 1566 
3353, 1652 
3354, 1731 
3355, 1767 
3356, 1780 
3357, 1756 
3358, 1704 
3359, 1664 
3360, 1630 
3361, 1585 
3362, 1535 
3363, 1483 
3364, 1430 
3365, 1359 
3366, 1239 
3367, 1119 
3368, 990 
3369, 863 
3370, 738 
3371, 627 
3372, 529 
3373, 449 
3374, 368 
3375, 285 
3376, 218 
3377, 130 
3378, 35 
3379, -48 
3380, -132 
3381, -203 
3382, -267 
3383, -326 
3384, -384 
3385, -429 
3386, -464 
3387, -495 
3388, -527 
3389, -552 
3390, -562 
3391, -553 
3392, -545 
3393, -545 
3394, -540 
3395, -531 
3396, -528 
3397, -534 
3398, -524 
3399, -505 
3400, -471 
3401, -462 
3402, -453 
3403, -436 
3404, -435 
3405, -429 
3406, -429 
3407, -417 
3408, -393 
3409, -364 
3410, -333 
3411, -300 
3412, -280 
3413, -264 
3414, -256 
3415, -259 
3416, -236 
3417, -198 
3418, -160 
3419, -123 
3420, -93 
3421, -59 
3422, -24 
3423, -13 
3424, 2 
3425, 28 
3426, 69 
3427, 121 
3428, 173 
3429, 231 
3430, 284 
3431, 319 
3432, 341 
3433, 347 
3434, 344 
3435, 342 
3436, 352 
3437, 383 
3438, 399 
3439, 407 
3440, 390 
3441, 355 
3442, 298 
3443, 221 
3444, 142 
3445, 71 
3446, 19 
3447, -32 
3448, -71 
3449, -108 
3450, -159 
3451, -231 
3452, -316 
3453, -421 
3454, -535 
3455, -637 
3456, -732 
3457, -812 
3458, -888 
3459, -962 
3460, -1020 
3461, -1087 
3462, -1173 
3463, -1253 
3464, -1332 
3465, -1393 
3466, -1437 
3467, -1471 
3468, -1491 
3469, -1504 
3470, -1499 
3471, -1513 
3472, -1552 
3473, -1587 
3474, -1616 
3475, -1629 
3476, -1627 
3477, -1613 
3478, -1599 
3479, -1572 
3480, -1538 
3481, -1525 
3482, -1528 
3483, -1526 
3484, -1526 
3485, -1502 
3486, -1468 
3487, -1431 
3488, -1381 
3489, -1325 
3490, -1265 
3491, -1229 
3492, -1199 
3493, -1159 
3494, -1090 
3495, -992 
3496, -845 
3497, -674 
3498, -488 
3499, -294 
3500, -124 
3501, 7 
3502, 120 
3503, 223 
3504, 326 
3505, 479 
3506, 643 
3507, 816 
3508, 1004 
3509, 1174 
3510, 1318 
3511, 1432 
3512, 1516 
3513, 1604 
3514, 1713 
3515, 1831 
3516, 1977 
3517, 2117 
3518, 2235 
3519, 2330 
3520, 2349 
3521, 2332 
3522, 2292 
3523, 2229 
3524, 2183 
3525, 2140 
3526, 2103 
3527, 2062 
3528, 2024 
3529, 1956 
3530, 1834 
3531, 1694 
3532, 1552 
3533, 1421 
3534, 1298 
3535, 1175 
3536, 1067 
3537, 967 
3538, 863 
3539, 738 
3540, 576 
3541, 398 
3542, 226 
3543, 67 
3544, -87 
3545, -217 
3546, -327 
3547, -420 
3548, -490 
3549, -570 
3550, -659 
3551, -745 
3552, -842 
3553, -944 
3554, -1039 
3555, -1111 
3556, -1166 
3557, -1194 
3558, -1198 
3559, -1203 
3560, -1227 
3561, -1268 
3562, -1327 
3563, -1419 
3564, -1501 
3565, -1568 
3566, -1611 
3567, -1610 
3568, -1597 
3569, -1579 
3570, -1562 
3571, -1545 
3572, -1542 
3573, -1563 
3574, -1598 
3575, -1619 
3576, -1618 
3577, -1586 
3578, -1533 
3579, -1470 
3580, -1420 
3581, -1376 
3582, -1341 
3583, -1322 
3584, -1307 
3585, -1273 
3586, -1197 
3587, -1087 
3588, -953 
3589, -814 
3590, -674 
3591, -526 
3592, -404 
3593, -308 
3594, -224 
3595, -121 
3596, 3 
3597, 144 
3598, 287 
3599, 424 
3600, 564 
3601, 686 
3602, 780 
3603, 870 
3604, 943 
3605, 1017 
3606, 1108 
3607, 1191 
3608, 1277 
3609, 1374 
3610, 1454 
3611, 1512 
3612, 1541 
3613, 1534 
3614, 1520 
3615, 1495 
3616, 1466 
3617, 1442 
3618, 1412 
3619, 1376 
3620, 1330 
3621, 1283 
3622, 1219 
3623, 1140 
3624, 1052 
3625, 958 
3626, 866 
3627, 785 
3628, 704 
3629, 631 
3630, 571 
3631, 509 
3632, 446 
3633, 369 
3634, 281 
3635, 187 
3636, 96 
3637, 5 
3638, -72 
3639, -141 
3640, -201 
3641, -248 
3642, -284 
3643, -324 
3644, -368 
3645, -384 
3646, -405 
3647, -433 
3648, -440 
3649, -432 
3650, -431 
3651, -420 
3652, -414 
3653, -426 
3654, -417 
3655, -406 
3656, -404 
3657, -407 
3658, -391 
3659, -372 
3660, -369 
3661, -359 
3662, -344 
3663, -327 
3664, -293 
3665, -256 
3666, -237 
3667, -217 
3668, -213 
3669, -203 
3670, -196 
3671, -202 
3672, -192 
3673, -174 
3674, -159 
3675, -145 
3676, -126 
3677, -118 
3678, -116 
3679, -114 
3680, -115 
3681, -102 
3682, -73 
3683, -39 
3684, -10 
3685, 34 
3686, 51 
3687, 58 
3688, 74 
3689, 66 
3690, 60 
3691, 56 
3692, 57 
3693, 66 
3694, 71 
3695, 62 
3696, 49 
3697, 33 
3698, -5 
3699, -50 
3700, -108 
3701, -152 
3702, -164 
3703, -178 
3704, -188 
3705, -216 
3706, -249 
3707, -281 
3708, -357 
3709, -443 
3710, -515 
3711, -596 
3712, -665 
3713, -729 
3714, -783 
3715, -847 
3716, -909 
3717, -972 
3718, -1054 
3719, -1129 
3720, -1199 
3721, -1249 
3722, -1283 
3723, -1313 
3724, -1353 
3725, -1393 
3726, -1416 
3727, -1447 
3728, -1489 
3729, -1543 
3730, -1586 
3731, -1604 
3732, -1616 
3733, -1622 
3734, -1626 
3735, -1626 
3736, -1619 
3737, -1611 
3738, -1610 
3739, -1601 
3740, -1580 
3741, -1535 
3742, -1480 
3743, -1433 
3744, -1371 
3745, -1315 
3746, -1246 
3747, -1173 
3748, -1096 
3749, -964 
3750, -786 
3751, -595 
3752, -422 
3753, -258 
3754, -90 
3755, 55 
3756, 163 
3757, 267 
3758, 400 
3759, 572 
3760, 754 
3761, 914 
3762, 1055 
3763, 1188 
3764, 1316 
3765, 1426 
3766, 1512 
3767, 1600 
3768, 1709 
3769, 1833 
3770, 1947 
3771, 2043 
3772, 2123 
3773, 2151 
3774, 2149 
3775, 2111 
3776, 2050 
3777, 2001 
3778, 1973 
3779, 1952 
3780, 1915 
3781, 1863 
3782, 1816 
3783, 1742 
3784, 1622 
3785, 1494 
3786, 1375 
3787, 1275 
3788, 1196 
3789, 1103 
3790, 1006 
3791, 915 
3792, 805 
3793, 684 
3794, 551 
3795, 415 
3796, 270 
3797, 153 
3798, 54 
3799, -45 
3800, -130 
3801, -206 
3802, -280 
3803, -349 
3804, -427 
3805, -525 
3806, -616 
3807, -708 
3808, -788 
3809, -848 
3810, -906 
3811, -957 
3812, -984 
3813, -1013 
3814, -1066 
3815, -1137 
3816, -1218 
3817, -1306 
3818, -1396 
3819, -1468 
3820, -1523 
3821, -1549 
3822, -1558 
3823, -1557 
3824, -1562 
3825, -1574 
3826, -1595 
3827, -1621 
3828, -1646 
3829, -1672 
3830, -1672 
3831, -1637 
3832, -1593 
3833, -1550 
3834, -1516 
3835, -1481 
3836, -1436 
3837, -1406 
3838, -1375 
3839, -1321 
3840, -1229 
3841, -1104 
3842, -961 
3843, -836 
3844, -705 
3845, -574 
3846, -464 
3847, -363 
3848, -246 
3849, -123 
3850, -2 
3851, 132 
3852, 259 
3853, 389 
3854, 510 
3855, 614 
3856, 703 
3857, 786 
3858, 865 
3859, 952 
3860, 1032 
3861, 1106 
3862, 1188 
3863, 1249 
3864, 1305 
3865, 1342 
3866, 1360 
3867, 1362 
3868, 1350 
3869, 1337 
3870, 1331 
3871, 1304 
3872, 1265 
3873, 1232 
3874, 1192 
3875, 1159 
3876, 1113 
3877, 1050 
3878, 992 
3879, 923 
3880, 848 
3881, 785 
3882, 719 
3883, 665 
3884, 624 
3885, 578 
3886, 526 
3887, 477 
3888, 413 
3889, 332 
3890, 259 
3891, 183 
3892, 116 
3893, 59 
3894, 5 
3895, -36 
3896, -71 
3897, -105 
3898, -135 
3899, -176 
3900, -200 
3901, -212 
3902, -232 
3903, -246 
3904, -271 
3905, -276 
3906, -297 
3907, -328 
3908, -350 
3909, -378 
3910, -390 
3911, -394 
3912, -401 
3913, -400 
3914, -389 
3915, -382 
3916, -374 
3917, -367 
3918, -351 
3919, -343 
3920, -326 
3921, -305 
3922, -276 
3923, -251 
3924, -253 
3925, -248 
3926, -237 
3927, -232 
3928, -220 
3929, -199 
3930, -173 
3931, -144 
3932, -128 
3933, -105 
3934, -77 
3935, -59 
3936, -34 
3937, -6 
3938, 17 
3939, 48 
3940, 79 
3941, 90 
3942, 97 
3943, 93 
3944, 93 
3945, 92 
3946, 67 
3947, 56 
3948, 50 
3949, 49 
3950, 34 
3951, -9 
3952, -35 
3953, -78 
3954, -127 
3955, -156 
3956, -199 
3957, -236 
3958, -249 
3959, -267 
3960, -304 
3961, -350 
3962, -406 
3963, -466 
3964, -530 
3965, -604 
3966, -686 
3967, -745 
3968, -794 
3969, -854 
3970, -904 
3971, -956 
3972, -1002 
3973, -1052 
3974, -1114 
3975, -1153 
3976, -1183 
3977, -1218 
3978, -1245 
3979, -1282 
3980, -1311 
3981, -1341 
3982, -1381 
3983, -1407 
3984, -1444 
3985, -1467 
3986, -1481 
3987, -1494 
3988, -1515 
3989, -1526 
3990, -1518 
3991, -1519 
3992, -1513 
3993, -1500 
3994, -1487 
3995, -1469 
3996, -1446 
3997, -1409 
3998, -1367 
3999, -1334 
4000, -1274 
4001, -1225 
4002, -1157 
4003, -1053 
4004, -924 
4005, -753 
4006, -587 
4007, -440 
4008, -286 
4009, -141 
4010, -8 
4011, 97 
4012, 213 
4013, 358 
4014, 533 
4015, 729 
4016, 886 
4017, 1036 
4018, 1172 
4019, 1286 
4020, 1396 
4021, 1490 
4022, 1586 
4023, 1704 
4024, 1837 
4025, 1954 
4026, 2034 
4027, 2096 
4028, 2134 
4029, 2123 
4030, 2073 
4031, 2035 
4032, 2011 
4033, 1991 
4034, 1973 
4035, 1935 
4036, 1887 
4037, 1829 
4038, 1751 
4039, 1627 
4040, 1488 
4041, 1364 
4042, 1262 
4043, 1189 
4044, 1094 
4045, 992 
4046, 891 
4047, 784 
4048, 656 
4049, 522 
4050, 377 
4051, 243 
4052, 133 
4053, 38 
4054, -46 
4055, -124 
4056, -199 
4057, -279 
4058, -359 
4059, -444 
4060, -533 
4061, -628 
4062, -702 
4063, -770 
4064, -822 
4065, -863 
4066, -899 
4067, -910 
4068, -947 
4069, -1003 
4070, -1070 
4071, -1153 
4072, -1235 
4073, -1305 
4074, -1369 
4075, -1413 
4076, -1428 
4077, -1425 
4078, -1421 
4079, -1445 
4080, -1485 
4081, -1511 
4082, -1544 
4083, -1592 
4084, -1615 
4085, -1620 
4086, -1590 
4087, -1551 
4088, -1527 
4089, -1503 
4090, -1488 
4091, -1458 
4092, -1439 
4093, -1406 
4094, -1360 
4095, -1273 
