0, -498 
1, -505 
2, -510 
3, -543 
4, -585 
5, -647 
6, -733 
7, -835 
8, -959 
9, -1086 
10, -1206 
11, -1304 
12, -1363 
13, -1403 
14, -1427 
15, -1443 
16, -1447 
17, -1438 
18, -1412 
19, -1375 
20, -1326 
21, -1250 
22, -1158 
23, -1063 
24, -953 
25, -843 
26, -750 
27, -649 
28, -567 
29, -506 
30, -426 
31, -366 
32, -323 
33, -277 
34, -244 
35, -222 
36, -212 
37, -218 
38, -209 
39, -197 
40, -180 
41, -159 
42, -138 
43, -104 
44, -68 
45, -12 
46, 35 
47, 81 
48, 148 
49, 213 
50, 279 
51, 327 
52, 402 
53, 498 
54, 581 
55, 669 
56, 752 
57, 820 
58, 886 
59, 950 
60, 991 
61, 1006 
62, 1025 
63, 1039 
64, 1044 
65, 1035 
66, 1005 
67, 963 
68, 914 
69, 854 
70, 792 
71, 719 
72, 641 
73, 579 
74, 520 
75, 468 
76, 434 
77, 422 
78, 423 
79, 448 
80, 495 
81, 541 
82, 596 
83, 648 
84, 684 
85, 706 
86, 727 
87, 780 
88, 824 
89, 847 
90, 837 
91, 781 
92, 722 
93, 625 
94, 498 
95, 374 
96, 245 
97, 118 
98, 8 
99, -96 
100, -181 
101, -262 
102, -366 
103, -450 
104, -527 
105, -587 
106, -634 
107, -675 
108, -693 
109, -689 
110, -674 
111, -656 
112, -646 
113, -627 
114, -604 
115, -590 
116, -583 
117, -581 
118, -575 
119, -561 
120, -561 
121, -567 
122, -571 
123, -599 
124, -648 
125, -705 
126, -753 
127, -793 
128, -839 
129, -879 
130, -920 
131, -964 
132, -1021 
133, -1071 
134, -1114 
135, -1130 
136, -1132 
137, -1116 
138, -1090 
139, -1055 
140, -1011 
141, -960 
142, -896 
143, -849 
144, -794 
145, -751 
146, -722 
147, -706 
148, -701 
149, -698 
150, -708 
151, -720 
152, -738 
153, -775 
154, -817 
155, -874 
156, -943 
157, -997 
158, -1045 
159, -1098 
160, -1152 
161, -1204 
162, -1238 
163, -1267 
164, -1292 
165, -1297 
166, -1261 
167, -1193 
168, -1136 
169, -1079 
170, -993 
171, -896 
172, -781 
173, -671 
174, -575 
175, -440 
176, -223 
177, 40 
178, 279 
179, 482 
180, 634 
181, 743 
182, 816 
183, 831 
184, 816 
185, 795 
186, 797 
187, 826 
188, 821 
189, 780 
190, 746 
191, 724 
192, 684 
193, 617 
194, 556 
195, 543 
196, 560 
197, 592 
198, 662 
199, 753 
200, 878 
201, 1029 
202, 1148 
203, 1247 
204, 1357 
205, 1439 
206, 1481 
207, 1508 
208, 1517 
209, 1519 
210, 1518 
211, 1504 
212, 1479 
213, 1425 
214, 1344 
215, 1243 
216, 1145 
217, 1061 
218, 968 
219, 882 
220, 786 
221, 653 
222, 503 
223, 337 
224, 176 
225, 20 
226, -98 
227, -177 
228, -230 
229, -263 
230, -300 
231, -343 
232, -389 
233, -426 
234, -490 
235, -551 
236, -574 
237, -559 
238, -523 
239, -478 
240, -444 
241, -417 
242, -414 
243, -448 
244, -503 
245, -612 
246, -752 
247, -888 
248, -1024 
249, -1152 
250, -1275 
251, -1372 
252, -1417 
253, -1447 
254, -1480 
255, -1529 
256, -1582 
257, -1606 
258, -1591 
259, -1563 
260, -1513 
261, -1421 
262, -1316 
263, -1182 
264, -1054 
265, -964 
266, -878 
267, -779 
268, -680 
269, -611 
270, -546 
271, -479 
272, -415 
273, -351 
274, -316 
275, -301 
276, -287 
277, -233 
278, -175 
279, -134 
280, -88 
281, -54 
282, -29 
283, 4 
284, 25 
285, 37 
286, 59 
287, 93 
288, 138 
289, 184 
290, 234 
291, 282 
292, 351 
293, 439 
294, 526 
295, 597 
296, 673 
297, 763 
298, 843 
299, 925 
300, 995 
301, 1061 
302, 1126 
303, 1187 
304, 1226 
305, 1238 
306, 1220 
307, 1163 
308, 1091 
309, 1017 
310, 927 
311, 840 
312, 766 
313, 694 
314, 634 
315, 571 
316, 505 
317, 452 
318, 425 
319, 412 
320, 398 
321, 392 
322, 414 
323, 467 
324, 538 
325, 599 
326, 647 
327, 712 
328, 778 
329, 826 
330, 843 
331, 807 
332, 758 
333, 703 
334, 622 
335, 527 
336, 417 
337, 325 
338, 245 
339, 146 
340, 39 
341, -77 
342, -200 
343, -335 
344, -465 
345, -570 
346, -667 
347, -738 
348, -788 
349, -799 
350, -786 
351, -778 
352, -767 
353, -753 
354, -733 
355, -711 
356, -705 
357, -697 
358, -666 
359, -633 
360, -607 
361, -587 
362, -571 
363, -554 
364, -539 
365, -550 
366, -600 
367, -658 
368, -693 
369, -755 
370, -829 
371, -899 
372, -979 
373, -1043 
374, -1094 
375, -1129 
376, -1143 
377, -1138 
378, -1119 
379, -1094 
380, -1072 
381, -1043 
382, -1011 
383, -979 
384, -936 
385, -879 
386, -823 
387, -779 
388, -728 
389, -674 
390, -657 
391, -639 
392, -639 
393, -661 
394, -690 
395, -752 
396, -816 
397, -883 
398, -953 
399, -1010 
400, -1048 
401, -1094 
402, -1135 
403, -1182 
404, -1227 
405, -1250 
406, -1248 
407, -1214 
408, -1174 
409, -1109 
410, -1005 
411, -904 
412, -820 
413, -743 
414, -678 
415, -564 
416, -421 
417, -244 
418, -2 
419, 278 
420, 516 
421, 668 
422, 754 
423, 796 
424, 821 
425, 813 
426, 792 
427, 784 
428, 815 
429, 850 
430, 822 
431, 773 
432, 720 
433, 646 
434, 570 
435, 484 
436, 427 
437, 425 
438, 442 
439, 497 
440, 587 
441, 693 
442, 828 
443, 958 
444, 1086 
445, 1211 
446, 1299 
447, 1360 
448, 1407 
449, 1435 
450, 1453 
451, 1476 
452, 1482 
453, 1465 
454, 1415 
455, 1319 
456, 1213 
457, 1119 
458, 1026 
459, 947 
460, 882 
461, 808 
462, 692 
463, 533 
464, 345 
465, 165 
466, 0 
467, -148 
468, -239 
469, -275 
470, -291 
471, -305 
472, -320 
473, -340 
474, -394 
475, -464 
476, -533 
477, -568 
478, -559 
479, -528 
480, -483 
481, -428 
482, -373 
483, -339 
484, -350 
485, -391 
486, -459 
487, -570 
488, -691 
489, -825 
490, -961 
491, -1078 
492, -1172 
493, -1244 
494, -1309 
495, -1355 
496, -1418 
497, -1479 
498, -1518 
499, -1543 
500, -1539 
501, -1484 
502, -1394 
503, -1288 
504, -1174 
505, -1060 
506, -964 
507, -877 
508, -785 
509, -696 
510, -601 
511, -503 
512, -406 
513, -327 
514, -270 
515, -232 
516, -225 
517, -216 
518, -193 
519, -167 
520, -125 
521, -81 
522, -46 
523, -13 
524, 6 
525, 1 
526, 2 
527, 15 
528, 39 
529, 61 
530, 94 
531, 123 
532, 156 
533, 230 
534, 301 
535, 369 
536, 443 
537, 520 
538, 598 
539, 675 
540, 757 
541, 831 
542, 910 
543, 993 
544, 1075 
545, 1141 
546, 1162 
547, 1160 
548, 1132 
549, 1070 
550, 995 
551, 906 
552, 825 
553, 752 
554, 692 
555, 631 
556, 553 
557, 469 
558, 402 
559, 360 
560, 329 
561, 316 
562, 323 
563, 379 
564, 455 
565, 523 
566, 570 
567, 622 
568, 695 
569, 767 
570, 824 
571, 841 
572, 846 
573, 826 
574, 762 
575, 669 
576, 560 
577, 461 
578, 364 
579, 279 
580, 197 
581, 106 
582, 9 
583, -87 
584, -193 
585, -312 
586, -429 
587, -523 
588, -595 
589, -655 
590, -678 
591, -693 
592, -690 
593, -689 
594, -678 
595, -666 
596, -687 
597, -686 
598, -666 
599, -652 
600, -631 
601, -583 
602, -540 
603, -508 
604, -476 
605, -465 
606, -477 
607, -503 
608, -541 
609, -586 
610, -646 
611, -695 
612, -753 
613, -839 
614, -915 
615, -983 
616, -1035 
617, -1074 
618, -1097 
619, -1100 
620, -1087 
621, -1067 
622, -1041 
623, -1012 
624, -979 
625, -933 
626, -881 
627, -820 
628, -758 
629, -701 
630, -647 
631, -626 
632, -636 
633, -647 
634, -667 
635, -693 
636, -745 
637, -822 
638, -892 
639, -962 
640, -1025 
641, -1089 
642, -1155 
643, -1205 
644, -1220 
645, -1240 
646, -1293 
647, -1345 
648, -1376 
649, -1390 
650, -1346 
651, -1284 
652, -1245 
653, -1178 
654, -1069 
655, -956 
656, -864 
657, -781 
658, -670 
659, -484 
660, -221 
661, 58 
662, 285 
663, 452 
664, 582 
665, 683 
666, 749 
667, 759 
668, 764 
669, 801 
670, 844 
671, 877 
672, 860 
673, 797 
674, 729 
675, 671 
676, 609 
677, 525 
678, 474 
679, 485 
680, 536 
681, 593 
682, 658 
683, 751 
684, 873 
685, 1018 
686, 1147 
687, 1250 
688, 1345 
689, 1429 
690, 1482 
691, 1512 
692, 1536 
693, 1555 
694, 1580 
695, 1601 
696, 1579 
697, 1516 
698, 1430 
699, 1347 
700, 1262 
701, 1189 
702, 1106 
703, 1016 
704, 917 
705, 782 
706, 615 
707, 431 
708, 252 
709, 100 
710, -1 
711, -61 
712, -124 
713, -181 
714, -243 
715, -320 
716, -385 
717, -456 
718, -542 
719, -597 
720, -582 
721, -516 
722, -462 
723, -420 
724, -391 
725, -368 
726, -349 
727, -377 
728, -449 
729, -543 
730, -654 
731, -768 
732, -898 
733, -1036 
734, -1155 
735, -1255 
736, -1310 
737, -1359 
738, -1437 
739, -1526 
740, -1598 
741, -1623 
742, -1625 
743, -1616 
744, -1572 
745, -1483 
746, -1374 
747, -1265 
748, -1183 
749, -1119 
750, -1039 
751, -943 
752, -840 
753, -750 
754, -661 
755, -572 
756, -487 
757, -411 
758, -382 
759, -367 
760, -334 
761, -266 
762, -190 
763, -145 
764, -107 
765, -69 
766, -25 
767, -6 
768, -2 
769, -13 
770, -27 
771, 10 
772, 51 
773, 67 
774, 80 
775, 112 
776, 172 
777, 243 
778, 327 
779, 393 
780, 469 
781, 579 
782, 680 
783, 771 
784, 856 
785, 945 
786, 1048 
787, 1147 
788, 1208 
789, 1234 
790, 1221 
791, 1195 
792, 1156 
793, 1092 
794, 1018 
795, 952 
796, 892 
797, 836 
798, 761 
799, 667 
800, 588 
801, 527 
802, 502 
803, 487 
804, 473 
805, 469 
806, 488 
807, 531 
808, 579 
809, 618 
810, 656 
811, 714 
812, 793 
813, 838 
814, 836 
815, 809 
816, 756 
817, 709 
818, 659 
819, 572 
820, 502 
821, 455 
822, 403 
823, 327 
824, 211 
825, 75 
826, -37 
827, -149 
828, -267 
829, -381 
830, -485 
831, -561 
832, -611 
833, -660 
834, -712 
835, -737 
836, -766 
837, -782 
838, -787 
839, -796 
840, -799 
841, -797 
842, -765 
843, -728 
844, -685 
845, -654 
846, -627 
847, -597 
848, -572 
849, -566 
850, -596 
851, -609 
852, -625 
853, -664 
854, -720 
855, -804 
856, -879 
857, -941 
858, -994 
859, -1030 
860, -1067 
861, -1088 
862, -1080 
863, -1069 
864, -1072 
865, -1079 
866, -1074 
867, -1045 
868, -999 
869, -957 
870, -918 
871, -878 
872, -827 
873, -783 
874, -775 
875, -769 
876, -772 
877, -770 
878, -766 
879, -791 
880, -834 
881, -877 
882, -899 
883, -927 
884, -973 
885, -987 
886, -973 
887, -960 
888, -985 
889, -1045 
890, -1095 
891, -1112 
892, -1102 
893, -1098 
894, -1091 
895, -1052 
896, -1006 
897, -978 
898, -951 
899, -936 
900, -892 
901, -805 
902, -680 
903, -494 
904, -233 
905, 60 
906, 293 
907, 436 
908, 535 
909, 632 
910, 722 
911, 780 
912, 792 
913, 845 
914, 923 
915, 971 
916, 948 
917, 879 
918, 830 
919, 787 
920, 741 
921, 673 
922, 592 
923, 579 
924, 608 
925, 644 
926, 705 
927, 784 
928, 898 
929, 1022 
930, 1121 
931, 1191 
932, 1235 
933, 1280 
934, 1312 
935, 1320 
936, 1330 
937, 1331 
938, 1341 
939, 1339 
940, 1302 
941, 1244 
942, 1188 
943, 1161 
944, 1147 
945, 1131 
946, 1107 
947, 1047 
948, 952 
949, 810 
950, 626 
951, 443 
952, 298 
953, 179 
954, 83 
955, 21 
956, -67 
957, -163 
958, -256 
959, -362 
960, -480 
961, -603 
962, -695 
963, -734 
964, -732 
965, -695 
966, -650 
967, -578 
968, -507 
969, -464 
970, -447 
971, -443 
972, -466 
973, -532 
974, -622 
975, -731 
976, -837 
977, -919 
978, -1012 
979, -1083 
980, -1129 
981, -1185 
982, -1255 
983, -1347 
984, -1416 
985, -1443 
986, -1440 
987, -1409 
988, -1373 
989, -1315 
990, -1245 
991, -1192 
992, -1133 
993, -1083 
994, -1030 
995, -946 
996, -848 
997, -759 
998, -689 
999, -621 
1000, -562 
1001, -520 
1002, -470 
1003, -417 
1004, -356 
1005, -256 
1006, -136 
1007, -48 
1008, 22 
1009, 86 
1010, 133 
1011, 156 
1012, 161 
1013, 168 
1014, 168 
1015, 168 
1016, 171 
1017, 163 
1018, 155 
1019, 167 
1020, 192 
1021, 240 
1022, 275 
1023, 306 
1024, 349 
1025, 415 
1026, 491 
1027, 575 
1028, 678 
1029, 784 
1030, 896 
1031, 1001 
1032, 1059 
1033, 1078 
1034, 1078 
1035, 1068 
1036, 1047 
1037, 1013 
1038, 963 
1039, 910 
1040, 862 
1041, 800 
1042, 733 
1043, 653 
1044, 568 
1045, 501 
1046, 455 
1047, 438 
1048, 435 
1049, 445 
1050, 496 
1051, 553 
1052, 614 
1053, 668 
1054, 709 
1055, 746 
1056, 764 
1057, 768 
1058, 760 
1059, 728 
1060, 687 
1061, 636 
1062, 574 
1063, 498 
1064, 423 
1065, 359 
1066, 301 
1067, 235 
1068, 160 
1069, 103 
1070, 27 
1071, -64 
1072, -160 
1073, -263 
1074, -349 
1075, -428 
1076, -487 
1077, -527 
1078, -551 
1079, -574 
1080, -620 
1081, -656 
1082, -706 
1083, -757 
1084, -797 
1085, -837 
1086, -837 
1087, -795 
1088, -742 
1089, -683 
1090, -623 
1091, -580 
1092, -554 
1093, -548 
1094, -571 
1095, -613 
1096, -642 
1097, -684 
1098, -725 
1099, -778 
1100, -834 
1101, -878 
1102, -924 
1103, -959 
1104, -1000 
1105, -1027 
1106, -1038 
1107, -1053 
1108, -1050 
1109, -1042 
1110, -1029 
1111, -1009 
1112, -978 
1113, -949 
1114, -931 
1115, -900 
1116, -868 
1117, -847 
1118, -852 
1119, -858 
1120, -868 
1121, -899 
1122, -935 
1123, -986 
1124, -1027 
1125, -1053 
1126, -1075 
1127, -1108 
1128, -1142 
1129, -1148 
1130, -1143 
1131, -1128 
1132, -1140 
1133, -1155 
1134, -1159 
1135, -1172 
1136, -1160 
1137, -1164 
1138, -1151 
1139, -1079 
1140, -1011 
1141, -968 
1142, -951 
1143, -906 
1144, -818 
1145, -696 
1146, -539 
1147, -328 
1148, -57 
1149, 189 
1150, 363 
1151, 452 
1152, 536 
1153, 653 
1154, 731 
1155, 752 
1156, 781 
1157, 869 
1158, 955 
1159, 979 
1160, 936 
1161, 896 
1162, 862 
1163, 811 
1164, 745 
1165, 698 
1166, 689 
1167, 712 
1168, 766 
1169, 826 
1170, 900 
1171, 993 
1172, 1107 
1173, 1209 
1174, 1292 
1175, 1353 
1176, 1389 
1177, 1414 
1178, 1419 
1179, 1408 
1180, 1405 
1181, 1402 
1182, 1402 
1183, 1391 
1184, 1337 
1185, 1283 
1186, 1258 
1187, 1227 
1188, 1182 
1189, 1136 
1190, 1082 
1191, 999 
1192, 871 
1193, 718 
1194, 557 
1195, 409 
1196, 266 
1197, 159 
1198, 85 
1199, 13 
1200, -67 
1201, -174 
1202, -286 
1203, -416 
1204, -548 
1205, -652 
1206, -721 
1207, -725 
1208, -711 
1209, -678 
1210, -625 
1211, -571 
1212, -546 
1213, -537 
1214, -527 
1215, -552 
1216, -609 
1217, -703 
1218, -800 
1219, -876 
1220, -957 
1221, -1045 
1222, -1120 
1223, -1185 
1224, -1242 
1225, -1304 
1226, -1373 
1227, -1437 
1228, -1479 
1229, -1484 
1230, -1469 
1231, -1447 
1232, -1401 
1233, -1347 
1234, -1286 
1235, -1221 
1236, -1164 
1237, -1111 
1238, -1046 
1239, -962 
1240, -879 
1241, -796 
1242, -720 
1243, -648 
1244, -587 
1245, -536 
1246, -483 
1247, -420 
1248, -328 
1249, -224 
1250, -124 
1251, -33 
1252, 38 
1253, 85 
1254, 118 
1255, 146 
1256, 168 
1257, 168 
1258, 181 
1259, 194 
1260, 203 
1261, 216 
1262, 212 
1263, 226 
1264, 253 
1265, 294 
1266, 337 
1267, 379 
1268, 448 
1269, 524 
1270, 602 
1271, 688 
1272, 776 
1273, 874 
1274, 963 
1275, 1029 
1276, 1080 
1277, 1098 
1278, 1091 
1279, 1072 
1280, 1047 
1281, 1016 
1282, 971 
1283, 929 
1284, 882 
1285, 820 
1286, 748 
1287, 661 
1288, 596 
1289, 562 
1290, 533 
1291, 509 
1292, 493 
1293, 490 
1294, 524 
1295, 575 
1296, 638 
1297, 703 
1298, 755 
1299, 774 
1300, 772 
1301, 761 
1302, 732 
1303, 672 
1304, 626 
1305, 584 
1306, 532 
1307, 486 
1308, 415 
1309, 357 
1310, 291 
1311, 202 
1312, 116 
1313, 30 
1314, -55 
1315, -152 
1316, -239 
1317, -312 
1318, -376 
1319, -440 
1320, -512 
1321, -564 
1322, -592 
1323, -626 
1324, -667 
1325, -702 
1326, -746 
1327, -786 
1328, -812 
1329, -829 
1330, -827 
1331, -786 
1332, -743 
1333, -705 
1334, -676 
1335, -637 
1336, -591 
1337, -582 
1338, -606 
1339, -643 
1340, -679 
1341, -725 
1342, -772 
1343, -819 
1344, -872 
1345, -903 
1346, -941 
1347, -965 
1348, -995 
1349, -1028 
1350, -1032 
1351, -1040 
1352, -1058 
1353, -1063 
1354, -1050 
1355, -1030 
1356, -986 
1357, -946 
1358, -933 
1359, -915 
1360, -897 
1361, -878 
1362, -876 
1363, -893 
1364, -901 
1365, -924 
1366, -948 
1367, -966 
1368, -978 
1369, -1004 
1370, -1027 
1371, -1038 
1372, -1063 
1373, -1067 
1374, -1077 
1375, -1088 
1376, -1085 
1377, -1090 
1378, -1103 
1379, -1111 
1380, -1119 
1381, -1106 
1382, -1067 
1383, -1048 
1384, -1012 
1385, -950 
1386, -895 
1387, -835 
1388, -761 
1389, -658 
1390, -487 
1391, -266 
1392, -29 
1393, 178 
1394, 347 
1395, 487 
1396, 588 
1397, 687 
1398, 753 
1399, 793 
1400, 838 
1401, 901 
1402, 960 
1403, 972 
1404, 947 
1405, 920 
1406, 908 
1407, 886 
1408, 836 
1409, 792 
1410, 777 
1411, 788 
1412, 809 
1413, 833 
1414, 877 
1415, 949 
1416, 1037 
1417, 1133 
1418, 1213 
1419, 1268 
1420, 1314 
1421, 1335 
1422, 1326 
1423, 1320 
1424, 1303 
1425, 1306 
1426, 1315 
1427, 1305 
1428, 1291 
1429, 1256 
1430, 1229 
1431, 1207 
1432, 1185 
1433, 1147 
1434, 1086 
1435, 991 
1436, 864 
1437, 716 
1438, 558 
1439, 406 
1440, 276 
1441, 166 
1442, 65 
1443, -18 
1444, -106 
1445, -219 
1446, -333 
1447, -447 
1448, -559 
1449, -652 
1450, -736 
1451, -755 
1452, -738 
1453, -715 
1454, -676 
1455, -634 
1456, -603 
1457, -571 
1458, -549 
1459, -564 
1460, -602 
1461, -669 
1462, -743 
1463, -820 
1464, -906 
1465, -990 
1466, -1070 
1467, -1114 
1468, -1147 
1469, -1195 
1470, -1259 
1471, -1317 
1472, -1351 
1473, -1368 
1474, -1370 
1475, -1369 
1476, -1358 
1477, -1313 
1478, -1259 
1479, -1203 
1480, -1164 
1481, -1113 
1482, -1042 
1483, -964 
1484, -883 
1485, -803 
1486, -734 
1487, -676 
1488, -601 
1489, -538 
1490, -484 
1491, -408 
1492, -298 
1493, -180 
1494, -77 
1495, -10 
1496, 61 
1497, 131 
1498, 166 
1499, 192 
1500, 203 
1501, 204 
1502, 219 
1503, 230 
1504, 230 
1505, 216 
1506, 219 
1507, 230 
1508, 249 
1509, 282 
1510, 316 
1511, 354 
1512, 407 
1513, 478 
1514, 546 
1515, 610 
1516, 688 
1517, 781 
1518, 865 
1519, 933 
1520, 980 
1521, 1010 
1522, 1018 
1523, 1009 
1524, 999 
1525, 962 
1526, 929 
1527, 900 
1528, 860 
1529, 815 
1530, 765 
1531, 704 
1532, 652 
1533, 609 
1534, 572 
1535, 540 
1536, 521 
1537, 538 
1538, 582 
1539, 620 
1540, 657 
1541, 679 
1542, 691 
1543, 713 
1544, 722 
1545, 713 
1546, 699 
1547, 664 
1548, 621 
1549, 568 
1550, 527 
1551, 470 
1552, 384 
1553, 355 
1554, 303 
1555, 244 
1556, 184 
1557, 110 
1558, 38 
1559, -62 
1560, -146 
1561, -221 
1562, -297 
1563, -363 
1564, -421 
1565, -467 
1566, -502 
1567, -552 
1568, -598 
1569, -644 
1570, -703 
1571, -750 
1572, -796 
1573, -815 
1574, -797 
1575, -775 
1576, -749 
1577, -717 
1578, -675 
1579, -638 
1580, -616 
1581, -618 
1582, -651 
1583, -675 
1584, -688 
1585, -726 
1586, -757 
1587, -790 
1588, -835 
1589, -867 
1590, -900 
1591, -930 
1592, -959 
1593, -989 
1594, -1005 
1595, -1003 
1596, -1008 
1597, -1018 
1598, -1026 
1599, -1014 
1600, -993 
1601, -994 
1602, -994 
1603, -992 
1604, -987 
1605, -987 
1606, -989 
1607, -1002 
1608, -1029 
1609, -1052 
1610, -1093 
1611, -1118 
1612, -1154 
1613, -1168 
1614, -1139 
1615, -1126 
1616, -1111 
1617, -1105 
1618, -1109 
1619, -1098 
1620, -1103 
1621, -1101 
1622, -1098 
1623, -1086 
1624, -1066 
1625, -1033 
1626, -995 
1627, -962 
1628, -916 
1629, -872 
1630, -818 
1631, -753 
1632, -678 
1633, -543 
1634, -334 
1635, -91 
1636, 113 
1637, 254 
1638, 368 
1639, 479 
1640, 596 
1641, 680 
1642, 718 
1643, 765 
1644, 850 
1645, 923 
1646, 937 
1647, 928 
1648, 913 
1649, 910 
1650, 895 
1651, 846 
1652, 811 
1653, 801 
1654, 837 
1655, 888 
1656, 935 
1657, 998 
1658, 1066 
1659, 1151 
1660, 1234 
1661, 1289 
1662, 1337 
1663, 1357 
1664, 1372 
1665, 1379 
1666, 1357 
1667, 1338 
1668, 1335 
1669, 1328 
1670, 1310 
1671, 1267 
1672, 1221 
1673, 1180 
1674, 1154 
1675, 1134 
1676, 1102 
1677, 1064 
1678, 985 
1679, 882 
1680, 769 
1681, 638 
1682, 512 
1683, 385 
1684, 279 
1685, 191 
1686, 102 
1687, 0 
1688, -123 
1689, -249 
1690, -361 
1691, -476 
1692, -590 
1693, -678 
1694, -717 
1695, -718 
1696, -693 
1697, -649 
1698, -635 
1699, -626 
1700, -614 
1701, -613 
1702, -623 
1703, -676 
1704, -747 
1705, -814 
1706, -860 
1707, -931 
1708, -1019 
1709, -1082 
1710, -1128 
1711, -1159 
1712, -1210 
1713, -1271 
1714, -1324 
1715, -1353 
1716, -1353 
1717, -1351 
1718, -1341 
1719, -1319 
1720, -1271 
1721, -1218 
1722, -1168 
1723, -1133 
1724, -1098 
1725, -1038 
1726, -966 
1727, -905 
1728, -850 
1729, -803 
1730, -762 
1731, -693 
1732, -632 
1733, -581 
1734, -524 
1735, -437 
1736, -311 
1737, -206 
1738, -128 
1739, -49 
1740, 23 
1741, 80 
1742, 127 
1743, 164 
1744, 178 
1745, 196 
1746, 231 
1747, 253 
1748, 248 
1749, 229 
1750, 244 
1751, 281 
1752, 301 
1753, 325 
1754, 341 
1755, 378 
1756, 441 
1757, 512 
1758, 579 
1759, 633 
1760, 711 
1761, 799 
1762, 869 
1763, 923 
1764, 946 
1765, 953 
1766, 967 
1767, 970 
1768, 944 
1769, 908 
1770, 865 
1771, 840 
1772, 812 
1773, 761 
1774, 699 
1775, 645 
1776, 627 
1777, 614 
1778, 609 
1779, 623 
1780, 651 
1781, 692 
1782, 738 
1783, 756 
1784, 750 
1785, 763 
1786, 784 
1787, 790 
1788, 775 
1789, 735 
1790, 688 
1791, 629 
1792, 555 
1793, 480 
1794, 411 
1795, 345 
1796, 291 
1797, 253 
1798, 211 
1799, 161 
1800, 91 
1801, 7 
1802, -66 
1803, -135 
1804, -199 
1805, -266 
1806, -318 
1807, -354 
1808, -397 
1809, -438 
1810, -495 
1811, -562 
1812, -626 
1813, -686 
1814, -734 
1815, -783 
1816, -808 
1817, -794 
1818, -756 
1819, -727 
1820, -710 
1821, -692 
1822, -678 
1823, -671 
1824, -697 
1825, -728 
1826, -750 
1827, -768 
1828, -784 
1829, -805 
1830, -847 
1831, -894 
1832, -937 
1833, -962 
1834, -987 
1835, -1021 
1836, -1046 
1837, -1054 
1838, -1053 
1839, -1041 
1840, -1025 
1841, -1035 
1842, -1036 
1843, -1023 
1844, -1007 
1845, -1002 
1846, -1002 
1847, -994 
1848, -991 
1849, -993 
1850, -1011 
1851, -1037 
1852, -1071 
1853, -1113 
1854, -1147 
1855, -1184 
1856, -1204 
1857, -1212 
1858, -1203 
1859, -1182 
1860, -1162 
1861, -1149 
1862, -1145 
1863, -1130 
1864, -1103 
1865, -1086 
1866, -1073 
1867, -1047 
1868, -1005 
1869, -947 
1870, -899 
1871, -851 
1872, -809 
1873, -739 
1874, -642 
1875, -546 
1876, -398 
1877, -187 
1878, 47 
1879, 215 
1880, 307 
1881, 414 
1882, 519 
1883, 613 
1884, 684 
1885, 711 
1886, 783 
1887, 885 
1888, 953 
1889, 969 
1890, 942 
1891, 934 
1892, 937 
1893, 908 
1894, 839 
1895, 798 
1896, 818 
1897, 851 
1898, 894 
1899, 938 
1900, 1009 
1901, 1101 
1902, 1185 
1903, 1259 
1904, 1297 
1905, 1327 
1906, 1356 
1907, 1350 
1908, 1324 
1909, 1295 
1910, 1290 
1911, 1299 
1912, 1296 
1913, 1269 
1914, 1234 
1915, 1202 
1916, 1170 
1917, 1139 
1918, 1089 
1919, 1036 
1920, 980 
1921, 894 
1922, 768 
1923, 639 
1924, 523 
1925, 407 
1926, 308 
1927, 226 
1928, 139 
1929, 51 
1930, -47 
1931, -168 
1932, -307 
1933, -431 
1934, -545 
1935, -653 
1936, -707 
1937, -731 
1938, -719 
1939, -703 
1940, -686 
1941, -666 
1942, -665 
1943, -647 
1944, -665 
1945, -696 
1946, -733 
1947, -803 
1948, -865 
1949, -915 
1950, -977 
1951, -1045 
1952, -1086 
1953, -1118 
1954, -1160 
1955, -1211 
1956, -1266 
1957, -1303 
1958, -1331 
1959, -1337 
1960, -1329 
1961, -1319 
1962, -1289 
1963, -1242 
1964, -1188 
1965, -1145 
1966, -1109 
1967, -1064 
1968, -1006 
1969, -935 
1970, -866 
1971, -822 
1972, -787 
1973, -718 
1974, -653 
1975, -594 
1976, -544 
1977, -482 
1978, -379 
1979, -262 
1980, -156 
1981, -83 
1982, -22 
1983, 46 
1984, 102 
1985, 148 
1986, 175 
1987, 202 
1988, 234 
1989, 269 
1990, 288 
1991, 271 
1992, 264 
1993, 282 
1994, 297 
1995, 322 
1996, 340 
1997, 372 
1998, 422 
1999, 480 
2000, 536 
2001, 591 
2002, 650 
2003, 728 
2004, 804 
2005, 856 
2006, 891 
2007, 905 
2008, 921 
2009, 931 
2010, 931 
2011, 920 
2012, 890 
2013, 868 
2014, 845 
2015, 807 
2016, 763 
2017, 716 
2018, 683 
2019, 678 
2020, 684 
2021, 699 
2022, 740 
2023, 780 
2024, 814 
2025, 838 
2026, 831 
2027, 815 
2028, 813 
2029, 801 
2030, 783 
2031, 742 
2032, 672 
2033, 594 
2034, 504 
2035, 418 
2036, 336 
2037, 252 
2038, 192 
2039, 158 
2040, 118 
2041, 71 
2042, 19 
2043, -40 
2044, -95 
2045, -151 
2046, -204 
2047, -259 
2048, -287 
2049, -315 
2050, -347 
2051, -377 
2052, -434 
2053, -504 
2054, -574 
2055, -640 
2056, -707 
2057, -749 
2058, -779 
2059, -782 
2060, -775 
2061, -757 
2062, -729 
2063, -730 
2064, -742 
2065, -746 
2066, -752 
2067, -773 
2068, -802 
2069, -820 
2070, -833 
2071, -840 
2072, -869 
2073, -918 
2074, -960 
2075, -983 
2076, -1005 
2077, -1030 
2078, -1051 
2079, -1063 
2080, -1051 
2081, -1027 
2082, -1005 
2083, -1004 
2084, -998 
2085, -993 
2086, -984 
2087, -977 
2088, -977 
2089, -957 
2090, -949 
2091, -962 
2092, -988 
2093, -1032 
2094, -1080 
2095, -1119 
2096, -1153 
2097, -1192 
2098, -1207 
2099, -1219 
2100, -1228 
2101, -1226 
2102, -1221 
2103, -1209 
2104, -1196 
2105, -1187 
2106, -1167 
2107, -1131 
2108, -1076 
2109, -1029 
2110, -986 
2111, -922 
2112, -858 
2113, -775 
2114, -708 
2115, -645 
2116, -537 
2117, -371 
2118, -164 
2119, 42 
2120, 194 
2121, 306 
2122, 424 
2123, 537 
2124, 616 
2125, 672 
2126, 705 
2127, 775 
2128, 864 
2129, 915 
2130, 937 
2131, 931 
2132, 922 
2133, 928 
2134, 900 
2135, 838 
2136, 799 
2137, 807 
2138, 841 
2139, 873 
2140, 912 
2141, 966 
2142, 1045 
2143, 1133 
2144, 1212 
2145, 1265 
2146, 1296 
2147, 1332 
2148, 1343 
2149, 1340 
2150, 1341 
2151, 1337 
2152, 1341 
2153, 1338 
2154, 1321 
2155, 1290 
2156, 1244 
2157, 1202 
2158, 1164 
2159, 1124 
2160, 1056 
2161, 971 
2162, 876 
2163, 766 
2164, 649 
2165, 525 
2166, 420 
2167, 319 
2168, 223 
2169, 147 
2170, 61 
2171, -53 
2172, -165 
2173, -282 
2174, -405 
2175, -507 
2176, -612 
2177, -693 
2178, -707 
2179, -699 
2180, -682 
2181, -673 
2182, -671 
2183, -659 
2184, -647 
2185, -645 
2186, -677 
2187, -727 
2188, -780 
2189, -836 
2190, -874 
2191, -932 
2192, -994 
2193, -1048 
2194, -1086 
2195, -1110 
2196, -1171 
2197, -1241 
2198, -1301 
2199, -1325 
2200, -1329 
2201, -1336 
2202, -1335 
2203, -1323 
2204, -1277 
2205, -1212 
2206, -1162 
2207, -1132 
2208, -1096 
2209, -1024 
2210, -945 
2211, -890 
2212, -838 
2213, -788 
2214, -722 
2215, -653 
2216, -587 
2217, -530 
2218, -464 
2219, -363 
2220, -252 
2221, -156 
2222, -87 
2223, -32 
2224, 38 
2225, 103 
2226, 144 
2227, 170 
2228, 196 
2229, 235 
2230, 282 
2231, 303 
2232, 301 
2233, 299 
2234, 304 
2235, 328 
2236, 349 
2237, 356 
2238, 366 
2239, 396 
2240, 461 
2241, 521 
2242, 571 
2243, 620 
2244, 685 
2245, 766 
2246, 832 
2247, 874 
2248, 899 
2249, 916 
2250, 931 
2251, 940 
2252, 929 
2253, 902 
2254, 892 
2255, 878 
2256, 869 
2257, 835 
2258, 790 
2259, 761 
2260, 754 
2261, 747 
2262, 740 
2263, 728 
2264, 708 
2265, 725 
2266, 769 
2267, 801 
2268, 815 
2269, 818 
2270, 796 
2271, 760 
2272, 718 
2273, 649 
2274, 558 
2275, 497 
2276, 447 
2277, 386 
2278, 318 
2279, 254 
2280, 196 
2281, 157 
2282, 111 
2283, 47 
2284, -16 
2285, -81 
2286, -139 
2287, -184 
2288, -235 
2289, -294 
2290, -339 
2291, -358 
2292, -382 
2293, -434 
2294, -488 
2295, -546 
2296, -614 
2297, -663 
2298, -727 
2299, -789 
2300, -816 
2301, -820 
2302, -810 
2303, -806 
2304, -811 
2305, -809 
2306, -785 
2307, -753 
2308, -772 
2309, -803 
2310, -814 
2311, -837 
2312, -845 
2313, -867 
2314, -905 
2315, -928 
2316, -942 
2317, -945 
2318, -956 
2319, -982 
2320, -1000 
2321, -1002 
2322, -997 
2323, -997 
2324, -1001 
2325, -1012 
2326, -1005 
2327, -979 
2328, -969 
2329, -965 
2330, -981 
2331, -992 
2332, -991 
2333, -995 
2334, -1023 
2335, -1064 
2336, -1100 
2337, -1136 
2338, -1179 
2339, -1195 
2340, -1196 
2341, -1193 
2342, -1175 
2343, -1147 
2344, -1123 
2345, -1113 
2346, -1098 
2347, -1075 
2348, -1031 
2349, -998 
2350, -944 
2351, -893 
2352, -850 
2353, -787 
2354, -728 
2355, -656 
2356, -574 
2357, -504 
2358, -392 
2359, -233 
2360, -49 
2361, 120 
2362, 231 
2363, 326 
2364, 422 
2365, 518 
2366, 598 
2367, 651 
2368, 706 
2369, 788 
2370, 862 
2371, 898 
2372, 901 
2373, 888 
2374, 901 
2375, 917 
2376, 890 
2377, 852 
2378, 851 
2379, 868 
2380, 904 
2381, 931 
2382, 958 
2383, 1024 
2384, 1105 
2385, 1177 
2386, 1223 
2387, 1246 
2388, 1273 
2389, 1300 
2390, 1292 
2391, 1273 
2392, 1264 
2393, 1258 
2394, 1256 
2395, 1244 
2396, 1210 
2397, 1163 
2398, 1125 
2399, 1079 
2400, 1038 
2401, 999 
2402, 934 
2403, 859 
2404, 777 
2405, 677 
2406, 575 
2407, 470 
2408, 378 
2409, 290 
2410, 205 
2411, 118 
2412, 17 
2413, -89 
2414, -213 
2415, -327 
2416, -414 
2417, -510 
2418, -600 
2419, -660 
2420, -676 
2421, -683 
2422, -691 
2423, -701 
2424, -706 
2425, -696 
2426, -700 
2427, -714 
2428, -739 
2429, -787 
2430, -826 
2431, -860 
2432, -907 
2433, -971 
2434, -1023 
2435, -1050 
2436, -1078 
2437, -1107 
2438, -1148 
2439, -1205 
2440, -1240 
2441, -1250 
2442, -1248 
2443, -1243 
2444, -1227 
2445, -1195 
2446, -1164 
2447, -1115 
2448, -1074 
2449, -1056 
2450, -1009 
2451, -946 
2452, -881 
2453, -831 
2454, -797 
2455, -743 
2456, -684 
2457, -626 
2458, -562 
2459, -510 
2460, -437 
2461, -338 
2462, -236 
2463, -156 
2464, -103 
2465, -42 
2466, 28 
2467, 103 
2468, 159 
2469, 192 
2470, 232 
2471, 284 
2472, 318 
2473, 327 
2474, 321 
2475, 315 
2476, 340 
2477, 376 
2478, 393 
2479, 406 
2480, 414 
2481, 445 
2482, 503 
2483, 545 
2484, 578 
2485, 623 
2486, 675 
2487, 740 
2488, 787 
2489, 815 
2490, 832 
2491, 830 
2492, 862 
2493, 876 
2494, 871 
2495, 853 
2496, 841 
2497, 844 
2498, 830 
2499, 797 
2500, 768 
2501, 759 
2502, 756 
2503, 778 
2504, 801 
2505, 823 
2506, 840 
2507, 860 
2508, 865 
2509, 851 
2510, 841 
2511, 820 
2512, 795 
2513, 751 
2514, 691 
2515, 610 
2516, 523 
2517, 430 
2518, 341 
2519, 262 
2520, 190 
2521, 127 
2522, 69 
2523, 29 
2524, -18 
2525, -70 
2526, -140 
2527, -199 
2528, -231 
2529, -264 
2530, -300 
2531, -332 
2532, -342 
2533, -357 
2534, -394 
2535, -431 
2536, -503 
2537, -576 
2538, -637 
2539, -690 
2540, -735 
2541, -775 
2542, -782 
2543, -774 
2544, -754 
2545, -754 
2546, -763 
2547, -786 
2548, -810 
2549, -821 
2550, -832 
2551, -863 
2552, -892 
2553, -886 
2554, -896 
2555, -911 
2556, -946 
2557, -992 
2558, -1008 
2559, -1015 
2560, -1031 
2561, -1042 
2562, -1053 
2563, -1027 
2564, -1004 
2565, -989 
2566, -972 
2567, -976 
2568, -972 
2569, -958 
2570, -936 
2571, -921 
2572, -922 
2573, -932 
2574, -936 
2575, -966 
2576, -1017 
2577, -1076 
2578, -1111 
2579, -1135 
2580, -1162 
2581, -1180 
2582, -1201 
2583, -1210 
2584, -1198 
2585, -1173 
2586, -1155 
2587, -1154 
2588, -1124 
2589, -1078 
2590, -1038 
2591, -983 
2592, -926 
2593, -866 
2594, -805 
2595, -737 
2596, -663 
2597, -587 
2598, -502 
2599, -378 
2600, -208 
2601, -34 
2602, 119 
2603, 239 
2604, 335 
2605, 447 
2606, 547 
2607, 621 
2608, 683 
2609, 727 
2610, 802 
2611, 882 
2612, 928 
2613, 935 
2614, 924 
2615, 921 
2616, 906 
2617, 869 
2618, 827 
2619, 802 
2620, 826 
2621, 850 
2622, 874 
2623, 914 
2624, 963 
2625, 1038 
2626, 1111 
2627, 1163 
2628, 1185 
2629, 1226 
2630, 1253 
2631, 1259 
2632, 1268 
2633, 1265 
2634, 1262 
2635, 1273 
2636, 1270 
2637, 1255 
2638, 1217 
2639, 1173 
2640, 1138 
2641, 1093 
2642, 1045 
2643, 974 
2644, 876 
2645, 775 
2646, 676 
2647, 574 
2648, 477 
2649, 377 
2650, 286 
2651, 205 
2652, 118 
2653, 28 
2654, -88 
2655, -218 
2656, -330 
2657, -427 
2658, -523 
2659, -618 
2660, -685 
2661, -702 
2662, -693 
2663, -694 
2664, -709 
2665, -716 
2666, -712 
2667, -705 
2668, -710 
2669, -739 
2670, -774 
2671, -811 
2672, -836 
2673, -873 
2674, -927 
2675, -970 
2676, -994 
2677, -1022 
2678, -1065 
2679, -1119 
2680, -1178 
2681, -1215 
2682, -1239 
2683, -1250 
2684, -1266 
2685, -1265 
2686, -1238 
2687, -1210 
2688, -1157 
2689, -1111 
2690, -1081 
2691, -1045 
2692, -992 
2693, -934 
2694, -880 
2695, -837 
2696, -789 
2697, -717 
2698, -648 
2699, -586 
2700, -523 
2701, -448 
2702, -357 
2703, -259 
2704, -171 
2705, -104 
2706, -47 
2707, 27 
2708, 93 
2709, 148 
2710, 199 
2711, 236 
2712, 280 
2713, 314 
2714, 332 
2715, 342 
2716, 340 
2717, 357 
2718, 364 
2719, 377 
2720, 390 
2721, 392 
2722, 423 
2723, 467 
2724, 507 
2725, 545 
2726, 578 
2727, 622 
2728, 696 
2729, 759 
2730, 791 
2731, 809 
2732, 834 
2733, 865 
2734, 885 
2735, 891 
2736, 891 
2737, 894 
2738, 894 
2739, 889 
2740, 875 
2741, 857 
2742, 842 
2743, 820 
2744, 807 
2745, 806 
2746, 803 
2747, 820 
2748, 841 
2749, 852 
2750, 861 
2751, 845 
2752, 820 
2753, 778 
2754, 724 
2755, 671 
2756, 590 
2757, 513 
2758, 445 
2759, 367 
2760, 298 
2761, 233 
2762, 171 
2763, 116 
2764, 63 
2765, 8 
2766, -50 
2767, -114 
2768, -175 
2769, -215 
2770, -249 
2771, -283 
2772, -308 
2773, -327 
2774, -350 
2775, -381 
2776, -415 
2777, -471 
2778, -540 
2779, -604 
2780, -665 
2781, -717 
2782, -760 
2783, -790 
2784, -798 
2785, -800 
2786, -811 
2787, -821 
2788, -827 
2789, -837 
2790, -852 
2791, -861 
2792, -888 
2793, -911 
2794, -920 
2795, -920 
2796, -921 
2797, -945 
2798, -961 
2799, -970 
2800, -980 
2801, -989 
2802, -994 
2803, -1004 
2804, -1006 
2805, -989 
2806, -982 
2807, -979 
2808, -968 
2809, -962 
2810, -933 
2811, -921 
2812, -924 
2813, -923 
2814, -929 
2815, -928 
2816, -938 
2817, -961 
2818, -1009 
2819, -1060 
2820, -1097 
2821, -1127 
2822, -1154 
2823, -1180 
2824, -1181 
2825, -1172 
2826, -1155 
2827, -1150 
2828, -1163 
2829, -1147 
2830, -1121 
2831, -1080 
2832, -1009 
2833, -952 
2834, -896 
2835, -817 
2836, -740 
2837, -660 
2838, -565 
2839, -485 
2840, -383 
2841, -260 
2842, -121 
2843, 31 
2844, 162 
2845, 282 
2846, 384 
2847, 476 
2848, 553 
2849, 629 
2850, 695 
2851, 753 
2852, 802 
2853, 848 
2854, 874 
2855, 882 
2856, 885 
2857, 886 
2858, 893 
2859, 894 
2860, 873 
2861, 855 
2862, 876 
2863, 895 
2864, 914 
2865, 939 
2866, 984 
2867, 1053 
2868, 1109 
2869, 1152 
2870, 1186 
2871, 1217 
2872, 1246 
2873, 1261 
2874, 1257 
2875, 1259 
2876, 1267 
2877, 1267 
2878, 1254 
2879, 1228 
2880, 1195 
2881, 1151 
2882, 1111 
2883, 1071 
2884, 1017 
2885, 940 
2886, 856 
2887, 775 
2888, 664 
2889, 556 
2890, 445 
2891, 341 
2892, 258 
2893, 166 
2894, 72 
2895, -24 
2896, -132 
2897, -238 
2898, -322 
2899, -406 
2900, -493 
2901, -563 
2902, -615 
2903, -655 
2904, -683 
2905, -699 
2906, -712 
2907, -722 
2908, -723 
2909, -717 
2910, -724 
2911, -743 
2912, -771 
2913, -812 
2914, -848 
2915, -887 
2916, -932 
2917, -975 
2918, -1001 
2919, -1028 
2920, -1065 
2921, -1101 
2922, -1144 
2923, -1178 
2924, -1204 
2925, -1212 
2926, -1225 
2927, -1229 
2928, -1207 
2929, -1189 
2930, -1159 
2931, -1135 
2932, -1102 
2933, -1050 
2934, -1004 
2935, -948 
2936, -895 
2937, -839 
2938, -780 
2939, -719 
2940, -652 
2941, -580 
2942, -510 
2943, -432 
2944, -351 
2945, -268 
2946, -181 
2947, -111 
2948, -50 
2949, 13 
2950, 82 
2951, 138 
2952, 179 
2953, 221 
2954, 265 
2955, 296 
2956, 313 
2957, 317 
2958, 325 
2959, 347 
2960, 375 
2961, 391 
2962, 408 
2963, 422 
2964, 437 
2965, 473 
2966, 497 
2967, 534 
2968, 584 
2969, 622 
2970, 668 
2971, 718 
2972, 756 
2973, 779 
2974, 803 
2975, 836 
2976, 867 
2977, 886 
2978, 894 
2979, 900 
2980, 911 
2981, 910 
2982, 903 
2983, 886 
2984, 861 
2985, 850 
2986, 845 
2987, 861 
2988, 872 
2989, 861 
2990, 850 
2991, 842 
2992, 837 
2993, 822 
2994, 802 
2995, 765 
2996, 723 
2997, 668 
2998, 592 
2999, 515 
3000, 439 
3001, 382 
3002, 323 
3003, 251 
3004, 177 
3005, 114 
3006, 55 
3007, 1 
3008, -57 
3009, -127 
3010, -181 
3011, -227 
3012, -257 
3013, -289 
3014, -324 
3015, -336 
3016, -362 
3017, -394 
3018, -437 
3019, -489 
3020, -542 
3021, -607 
3022, -649 
3023, -686 
3024, -732 
3025, -756 
3026, -780 
3027, -798 
3028, -792 
3029, -808 
3030, -839 
3031, -857 
3032, -874 
3033, -891 
3034, -907 
3035, -920 
3036, -932 
3037, -938 
3038, -947 
3039, -966 
3040, -986 
3041, -985 
3042, -978 
3043, -990 
3044, -1001 
3045, -1005 
3046, -1005 
3047, -997 
3048, -986 
3049, -979 
3050, -973 
3051, -973 
3052, -958 
3053, -944 
3054, -936 
3055, -930 
3056, -937 
3057, -951 
3058, -950 
3059, -957 
3060, -990 
3061, -1033 
3062, -1077 
3063, -1095 
3064, -1120 
3065, -1149 
3066, -1155 
3067, -1173 
3068, -1168 
3069, -1151 
3070, -1134 
3071, -1123 
3072, -1110 
3073, -1053 
3074, -993 
3075, -934 
3076, -877 
3077, -823 
3078, -744 
3079, -670 
3080, -587 
3081, -492 
3082, -400 
3083, -281 
3084, -145 
3085, -7 
3086, 125 
3087, 236 
3088, 333 
3089, 426 
3090, 512 
3091, 595 
3092, 655 
3093, 705 
3094, 762 
3095, 822 
3096, 869 
3097, 871 
3098, 875 
3099, 897 
3100, 907 
3101, 909 
3102, 886 
3103, 865 
3104, 876 
3105, 891 
3106, 909 
3107, 929 
3108, 959 
3109, 1015 
3110, 1077 
3111, 1121 
3112, 1158 
3113, 1184 
3114, 1200 
3115, 1226 
3116, 1227 
3117, 1224 
3118, 1222 
3119, 1219 
3120, 1222 
3121, 1208 
3122, 1179 
3123, 1149 
3124, 1117 
3125, 1077 
3126, 1020 
3127, 949 
3128, 865 
3129, 772 
3130, 683 
3131, 589 
3132, 488 
3133, 381 
3134, 293 
3135, 211 
3136, 130 
3137, 36 
3138, -75 
3139, -178 
3140, -276 
3141, -362 
3142, -449 
3143, -525 
3144, -587 
3145, -643 
3146, -657 
3147, -687 
3148, -716 
3149, -721 
3150, -725 
3151, -733 
3152, -752 
3153, -774 
3154, -795 
3155, -822 
3156, -854 
3157, -879 
3158, -921 
3159, -963 
3160, -982 
3161, -1008 
3162, -1033 
3163, -1054 
3164, -1098 
3165, -1134 
3166, -1157 
3167, -1178 
3168, -1189 
3169, -1199 
3170, -1200 
3171, -1183 
3172, -1154 
3173, -1124 
3174, -1105 
3175, -1081 
3176, -1028 
3177, -978 
3178, -934 
3179, -889 
3180, -854 
3181, -795 
3182, -721 
3183, -651 
3184, -578 
3185, -515 
3186, -431 
3187, -332 
3188, -244 
3189, -177 
3190, -105 
3191, -43 
3192, 30 
3193, 102 
3194, 150 
3195, 190 
3196, 231 
3197, 279 
3198, 314 
3199, 329 
3200, 341 
3201, 357 
3202, 373 
3203, 389 
3204, 407 
3205, 414 
3206, 425 
3207, 456 
3208, 487 
3209, 518 
3210, 539 
3211, 579 
3212, 634 
3213, 681 
3214, 717 
3215, 744 
3216, 778 
3217, 806 
3218, 843 
3219, 879 
3220, 896 
3221, 898 
3222, 908 
3223, 917 
3224, 925 
3225, 938 
3226, 930 
3227, 927 
3228, 947 
3229, 948 
3230, 932 
3231, 921 
3232, 921 
3233, 929 
3234, 931 
3235, 918 
3236, 880 
3237, 838 
3238, 789 
3239, 711 
3240, 636 
3241, 556 
3242, 473 
3243, 406 
3244, 328 
3245, 251 
3246, 181 
3247, 106 
3248, 36 
3249, -40 
3250, -92 
3251, -147 
3252, -201 
3253, -238 
3254, -274 
3255, -292 
3256, -323 
3257, -357 
3258, -384 
3259, -416 
3260, -448 
3261, -496 
3262, -547 
3263, -596 
3264, -630 
3265, -670 
3266, -706 
3267, -746 
3268, -773 
3269, -782 
3270, -810 
3271, -830 
3272, -854 
3273, -876 
3274, -884 
3275, -911 
3276, -933 
3277, -952 
3278, -979 
3279, -990 
3280, -1003 
3281, -1024 
3282, -1041 
3283, -1056 
3284, -1060 
3285, -1058 
3286, -1067 
3287, -1068 
3288, -1063 
3289, -1060 
3290, -1048 
3291, -1034 
3292, -1013 
3293, -988 
3294, -983 
3295, -961 
3296, -947 
3297, -941 
3298, -935 
3299, -946 
3300, -957 
3301, -975 
3302, -1015 
3303, -1043 
3304, -1078 
3305, -1102 
3306, -1128 
3307, -1155 
3308, -1172 
3309, -1185 
3310, -1185 
3311, -1174 
3312, -1166 
3313, -1134 
3314, -1111 
3315, -1076 
3316, -1029 
3317, -982 
3318, -904 
3319, -840 
3320, -763 
3321, -670 
3322, -566 
3323, -457 
3324, -355 
3325, -240 
3326, -94 
3327, 45 
3328, 161 
3329, 265 
3330, 375 
3331, 484 
3332, 577 
3333, 661 
3334, 736 
3335, 798 
3336, 858 
3337, 901 
3338, 927 
3339, 950 
3340, 958 
3341, 956 
3342, 947 
3343, 936 
3344, 930 
3345, 914 
3346, 919 
3347, 943 
3348, 964 
3349, 984 
3350, 1012 
3351, 1052 
3352, 1081 
3353, 1106 
3354, 1134 
3355, 1159 
3356, 1182 
3357, 1198 
3358, 1211 
3359, 1221 
3360, 1239 
3361, 1251 
3362, 1241 
3363, 1236 
3364, 1223 
3365, 1195 
3366, 1157 
3367, 1107 
3368, 1048 
3369, 986 
3370, 907 
3371, 815 
3372, 728 
3373, 640 
3374, 538 
3375, 433 
3376, 327 
3377, 218 
3378, 117 
3379, 1 
3380, -111 
3381, -219 
3382, -325 
3383, -411 
3384, -501 
3385, -572 
3386, -642 
3387, -698 
3388, -723 
3389, -747 
3390, -768 
3391, -784 
3392, -798 
3393, -807 
3394, -819 
3395, -842 
3396, -849 
3397, -870 
3398, -895 
3399, -899 
3400, -923 
3401, -950 
3402, -975 
3403, -997 
3404, -1033 
3405, -1067 
3406, -1086 
3407, -1122 
3408, -1151 
3409, -1174 
3410, -1185 
3411, -1189 
3412, -1199 
3413, -1202 
3414, -1183 
3415, -1163 
3416, -1153 
3417, -1134 
3418, -1099 
3419, -1061 
3420, -1021 
3421, -967 
3422, -912 
3423, -858 
3424, -787 
3425, -711 
3426, -633 
3427, -542 
3428, -459 
3429, -372 
3430, -274 
3431, -193 
3432, -115 
3433, -30 
3434, 51 
3435, 127 
3436, 176 
3437, 230 
3438, 283 
3439, 317 
3440, 342 
3441, 375 
3442, 396 
3443, 402 
3444, 423 
3445, 436 
3446, 442 
3447, 454 
3448, 473 
3449, 486 
3450, 512 
3451, 549 
3452, 561 
3453, 589 
3454, 625 
3455, 663 
3456, 699 
3457, 728 
3458, 768 
3459, 805 
3460, 838 
3461, 868 
3462, 897 
3463, 931 
3464, 959 
3465, 973 
3466, 977 
3467, 993 
3468, 1003 
3469, 1014 
3470, 1037 
3471, 1057 
3472, 1060 
3473, 1063 
3474, 1055 
3475, 1043 
3476, 1027 
3477, 986 
3478, 941 
3479, 885 
3480, 804 
3481, 721 
3482, 643 
3483, 555 
3484, 459 
3485, 377 
3486, 296 
3487, 210 
3488, 132 
3489, 57 
3490, -15 
3491, -91 
3492, -149 
3493, -201 
3494, -253 
3495, -294 
3496, -327 
3497, -336 
3498, -359 
3499, -377 
3500, -402 
3501, -438 
3502, -472 
3503, -519 
3504, -560 
3505, -602 
3506, -639 
3507, -670 
3508, -703 
3509, -723 
3510, -738 
3511, -764 
3512, -795 
3513, -829 
3514, -863 
3515, -901 
3516, -938 
3517, -964 
3518, -987 
3519, -1011 
3520, -1034 
3521, -1062 
3522, -1074 
3523, -1087 
3524, -1100 
3525, -1107 
3526, -1121 
3527, -1127 
3528, -1137 
3529, -1135 
3530, -1119 
3531, -1102 
3532, -1076 
3533, -1048 
3534, -1025 
3535, -1014 
3536, -997 
3537, -979 
3538, -961 
3539, -949 
3540, -939 
3541, -932 
3542, -949 
3543, -960 
3544, -986 
3545, -1021 
3546, -1048 
3547, -1068 
3548, -1082 
3549, -1104 
3550, -1117 
3551, -1124 
3552, -1126 
3553, -1117 
3554, -1119 
3555, -1120 
3556, -1102 
3557, -1046 
3558, -993 
3559, -947 
3560, -874 
3561, -801 
3562, -731 
3563, -660 
3564, -576 
3565, -456 
3566, -331 
3567, -204 
3568, -68 
3569, 74 
3570, 203 
3571, 324 
3572, 428 
3573, 525 
3574, 632 
3575, 721 
3576, 796 
3577, 846 
3578, 898 
3579, 952 
3580, 986 
3581, 991 
3582, 999 
3583, 1018 
3584, 1005 
3585, 982 
3586, 971 
3587, 959 
3588, 953 
3589, 950 
3590, 947 
3591, 961 
3592, 996 
3593, 1027 
3594, 1047 
3595, 1064 
3596, 1079 
3597, 1098 
3598, 1105 
3599, 1122 
3600, 1133 
3601, 1147 
3602, 1172 
3603, 1187 
3604, 1198 
3605, 1182 
3606, 1160 
3607, 1148 
3608, 1130 
3609, 1091 
3610, 1036 
3611, 975 
3612, 907 
3613, 827 
3614, 736 
3615, 632 
3616, 539 
3617, 444 
3618, 341 
3619, 228 
3620, 107 
3621, 5 
3622, -111 
3623, -235 
3624, -339 
3625, -432 
3626, -524 
3627, -622 
3628, -691 
3629, -726 
3630, -762 
3631, -802 
3632, -834 
3633, -855 
3634, -855 
3635, -855 
3636, -865 
3637, -875 
3638, -885 
3639, -903 
3640, -912 
3641, -918 
3642, -937 
3643, -945 
3644, -955 
3645, -958 
3646, -980 
3647, -1008 
3648, -1029 
3649, -1061 
3650, -1077 
3651, -1098 
3652, -1111 
3653, -1128 
3654, -1138 
3655, -1133 
3656, -1131 
3657, -1123 
3658, -1119 
3659, -1117 
3660, -1089 
3661, -1065 
3662, -1034 
3663, -983 
3664, -941 
3665, -891 
3666, -825 
3667, -744 
3668, -666 
3669, -588 
3670, -490 
3671, -389 
3672, -297 
3673, -225 
3674, -139 
3675, -45 
3676, 41 
3677, 118 
3678, 184 
3679, 246 
3680, 303 
3681, 349 
3682, 382 
3683, 410 
3684, 426 
3685, 448 
3686, 474 
3687, 481 
3688, 482 
3689, 491 
3690, 506 
3691, 507 
3692, 518 
3693, 533 
3694, 548 
3695, 575 
3696, 594 
3697, 619 
3698, 643 
3699, 672 
3700, 699 
3701, 728 
3702, 764 
3703, 793 
3704, 819 
3705, 842 
3706, 888 
3707, 928 
3708, 947 
3709, 965 
3710, 996 
3711, 1040 
3712, 1077 
3713, 1101 
3714, 1119 
3715, 1123 
3716, 1122 
3717, 1123 
3718, 1094 
3719, 1053 
3720, 1015 
3721, 953 
3722, 877 
3723, 785 
3724, 678 
3725, 581 
3726, 482 
3727, 382 
3728, 279 
3729, 193 
3730, 103 
3731, 13 
3732, -67 
3733, -135 
3734, -188 
3735, -262 
3736, -311 
3737, -338 
3738, -367 
3739, -396 
3740, -422 
3741, -433 
3742, -453 
3743, -490 
3744, -522 
3745, -557 
3746, -576 
3747, -598 
3748, -630 
3749, -644 
3750, -665 
3751, -683 
3752, -704 
3753, -729 
3754, -760 
3755, -792 
3756, -822 
3757, -870 
3758, -905 
3759, -932 
3760, -976 
3761, -1016 
3762, -1033 
3763, -1062 
3764, -1094 
3765, -1121 
3766, -1159 
3767, -1180 
3768, -1180 
3769, -1196 
3770, -1207 
3771, -1198 
3772, -1186 
3773, -1161 
3774, -1149 
3775, -1121 
3776, -1086 
3777, -1056 
3778, -1026 
3779, -1004 
3780, -982 
3781, -965 
3782, -978 
3783, -985 
3784, -981 
3785, -994 
3786, -1018 
3787, -1037 
3788, -1060 
3789, -1084 
3790, -1090 
3791, -1112 
3792, -1127 
3793, -1140 
3794, -1130 
3795, -1111 
3796, -1113 
3797, -1088 
3798, -1057 
3799, -1007 
3800, -959 
3801, -912 
3802, -855 
3803, -784 
3804, -696 
3805, -602 
3806, -512 
3807, -417 
3808, -289 
3809, -140 
3810, -3 
3811, 110 
3812, 239 
3813, 370 
3814, 496 
3815, 604 
3816, 694 
3817, 783 
3818, 861 
3819, 932 
3820, 981 
3821, 1026 
3822, 1067 
3823, 1092 
3824, 1106 
3825, 1098 
3826, 1084 
3827, 1065 
3828, 1049 
3829, 1033 
3830, 1016 
3831, 995 
3832, 989 
3833, 999 
3834, 1011 
3835, 1038 
3836, 1054 
3837, 1064 
3838, 1085 
3839, 1089 
3840, 1096 
3841, 1111 
3842, 1128 
3843, 1143 
3844, 1149 
3845, 1150 
3846, 1165 
3847, 1170 
3848, 1145 
3849, 1127 
3850, 1109 
3851, 1079 
3852, 1016 
3853, 944 
3854, 876 
3855, 806 
3856, 730 
3857, 625 
3858, 537 
3859, 445 
3860, 343 
3861, 231 
3862, 110 
3863, -1 
3864, -112 
3865, -241 
3866, -369 
3867, -473 
3868, -573 
3869, -654 
3870, -730 
3871, -795 
3872, -839 
3873, -884 
3874, -913 
3875, -919 
3876, -936 
3877, -950 
3878, -949 
3879, -958 
3880, -970 
3881, -966 
3882, -968 
3883, -970 
3884, -972 
3885, -972 
3886, -957 
3887, -969 
3888, -994 
3889, -1004 
3890, -1018 
3891, -1042 
3892, -1059 
3893, -1077 
3894, -1091 
3895, -1109 
3896, -1121 
3897, -1106 
3898, -1114 
3899, -1111 
3900, -1093 
3901, -1078 
3902, -1061 
3903, -1044 
3904, -1025 
3905, -989 
3906, -939 
3907, -893 
3908, -834 
3909, -767 
3910, -694 
3911, -612 
3912, -526 
3913, -438 
3914, -345 
3915, -257 
3916, -169 
3917, -71 
3918, 23 
3919, 103 
3920, 185 
3921, 260 
3922, 324 
3923, 379 
3924, 417 
3925, 459 
3926, 494 
3927, 522 
3928, 542 
3929, 549 
3930, 551 
3931, 560 
3932, 570 
3933, 576 
3934, 578 
3935, 584 
3936, 591 
3937, 604 
3938, 624 
3939, 639 
3940, 655 
3941, 669 
3942, 695 
3943, 731 
3944, 755 
3945, 772 
3946, 804 
3947, 836 
3948, 861 
3949, 903 
3950, 945 
3951, 997 
3952, 1059 
3953, 1104 
3954, 1144 
3955, 1176 
3956, 1191 
3957, 1199 
3958, 1201 
3959, 1191 
3960, 1180 
3961, 1144 
3962, 1085 
3963, 1022 
3964, 935 
3965, 832 
3966, 718 
3967, 595 
3968, 483 
3969, 374 
3970, 261 
3971, 159 
3972, 58 
3973, -32 
3974, -128 
3975, -219 
3976, -288 
3977, -356 
3978, -398 
3979, -428 
3980, -465 
3981, -492 
3982, -514 
3983, -546 
3984, -573 
3985, -600 
3986, -626 
3987, -644 
3988, -660 
3989, -674 
3990, -680 
3991, -683 
3992, -695 
3993, -700 
3994, -708 
3995, -744 
3996, -768 
3997, -789 
3998, -827 
3999, -859 
4000, -884 
4001, -922 
4002, -963 
4003, -997 
4004, -1040 
4005, -1091 
4006, -1124 
4007, -1156 
4008, -1186 
4009, -1216 
4010, -1254 
4011, -1263 
4012, -1272 
4013, -1271 
4014, -1259 
4015, -1234 
4016, -1206 
4017, -1183 
4018, -1147 
4019, -1122 
4020, -1099 
4021, -1074 
4022, -1053 
4023, -1035 
4024, -1028 
4025, -1029 
4026, -1027 
4027, -1020 
4028, -1028 
4029, -1038 
4030, -1035 
4031, -1035 
4032, -1055 
4033, -1069 
4034, -1066 
4035, -1053 
4036, -1034 
4037, -1027 
4038, -1008 
4039, -970 
4040, -929 
4041, -879 
4042, -837 
4043, -794 
4044, -743 
4045, -669 
4046, -583 
4047, -503 
4048, -405 
4049, -277 
4050, -151 
4051, -38 
4052, 69 
4053, 187 
4054, 309 
4055, 440 
4056, 571 
4057, 667 
4058, 753 
4059, 846 
4060, 934 
4061, 998 
4062, 1046 
4063, 1103 
4064, 1150 
4065, 1175 
4066, 1170 
4067, 1152 
4068, 1142 
4069, 1132 
4070, 1122 
4071, 1106 
4072, 1082 
4073, 1070 
4074, 1076 
4075, 1082 
4076, 1082 
4077, 1087 
4078, 1083 
4079, 1076 
4080, 1074 
4081, 1071 
4082, 1065 
4083, 1070 
4084, 1077 
4085, 1075 
4086, 1077 
4087, 1075 
4088, 1069 
4089, 1061 
4090, 1051 
4091, 1031 
4092, 993 
4093, 946 
4094, 886 
4095, 825 
