# 20100318_224850
# tim alt SimFp RadFP
82138.000000,17500.000000,0.000000,0.000000 
82142.000000,17746.000000,0.000000,0.033333 
82147.000000,17977.000000,0.000000,0.075000 
82151.000000,18194.000000,0.033333,0.108333 
82156.000000,18413.000000,0.075000,0.150000 
82160.000000,18622.000000,0.108333,0.183333 
82165.000000,18829.000000,0.150000,0.225000 
82169.000000,19037.000000,0.183333,0.258333 
82174.000000,19258.000000,0.225000,0.300000 
82178.000000,19485.000000,0.258333,0.333333 
82183.000000,19710.000000,0.300000,0.375000 
82187.000000,19928.000000,0.333333,0.408333 
82192.000000,20150.000000,0.375000,0.450000 
82196.000000,20369.000000,0.408333,0.483333 
82201.000000,20575.000000,0.450000,0.525000 
82205.000000,20762.000000,0.483333,0.558333 
82210.000000,20936.000000,0.525000,0.600000 
82214.000000,21096.000000,0.558333,0.633333 
82219.000000,21252.000000,0.600000,0.675000 
82224.000000,21402.000000,0.641667,0.716667 
82228.000000,21561.000000,0.675000,0.750000 
82233.000000,21740.000000,0.716667,0.791667 
82237.000000,21927.000000,0.750000,0.825000 
82242.000000,22108.000000,0.791667,0.866667 
82246.000000,22292.000000,0.825000,0.900000 
82251.000000,22471.000000,0.866667,0.941667 
82255.000000,22644.000000,0.900000,0.975000 
82260.000000,22796.000000,0.941667,1.000000 
82264.000000,22947.000000,0.975000,1.000000 
82269.000000,23109.000000,1.000000,1.000000 
82273.000000,23285.000000,1.000000,1.000000 
82278.000000,23466.000000,1.000000,1.000000 
82282.000000,23638.000000,1.000000,1.000000 
82287.000000,23784.000000,1.000000,1.000000 
82291.000000,23907.000000,1.000000,1.000000 
82296.000000,24023.000000,1.000000,1.000000 
82300.000000,24142.000000,1.000000,1.000000 
82305.000000,24276.000000,1.000000,1.000000 
82309.000000,24435.000000,1.000000,1.000000 
82314.000000,24612.000000,1.000000,1.000000 
82318.000000,24793.000000,1.000000,1.000000 
82323.000000,24948.000000,1.000000,1.000000 
82327.000000,25081.000000,1.000000,1.000000 
82332.000000,25221.000000,1.000000,1.000000 
82338.000000,25459.000000,1.000000,1.000000 
82342.000000,25668.000000,1.000000,1.000000 
82347.000000,25874.000000,1.000000,1.000000 
82351.000000,26023.000000,1.000000,1.000000 
82356.000000,26114.000000,1.000000,1.000000 
82360.000000,26204.000000,1.000000,1.000000 
82365.000000,26331.000000,1.000000,1.000000 
82369.000000,26494.000000,1.000000,1.000000 
82374.000000,26680.000000,1.000000,1.000000 
82378.000000,26870.000000,1.000000,1.000000 
82383.000000,27046.000000,1.000000,1.000000 
82388.000000,27188.000000,1.000000,1.000000 
82392.000000,27316.000000,1.000000,1.000000 
82397.000000,27446.000000,1.000000,1.000000 
82401.000000,27578.000000,1.000000,1.000000 
82406.000000,27709.000000,1.000000,1.000000 
82410.000000,27854.000000,1.000000,1.000000 
82415.000000,27995.000000,1.000000,1.000000 
82419.000000,28128.000000,1.000000,1.000000 
82424.000000,28254.000000,1.000000,1.000000 
82428.000000,28381.000000,1.000000,1.000000 
82433.000000,28518.000000,1.000000,1.000000 
82437.000000,28659.000000,1.000000,1.000000 
82442.000000,28801.000000,1.000000,1.000000 
82446.000000,28945.000000,1.000000,1.000000 
82451.000000,29104.000000,1.000000,1.000000 
82455.000000,29290.000000,1.000000,1.000000 
82460.000000,29475.000000,1.000000,1.000000 
82464.000000,29633.000000,1.000000,1.000000 
82469.000000,29762.000000,1.000000,1.000000 
82473.000000,29874.000000,1.000000,1.000000 
82478.000000,29980.000000,1.000000,1.000000 
82482.000000,30106.000000,1.000000,1.000000 
82487.000000,30255.000000,1.000000,1.000000 
82491.000000,30408.000000,1.000000,1.000000 
82496.000000,30548.000000,1.000000,1.000000 
82500.000000,30671.000000,1.000000,1.000000 
82505.000000,30787.000000,1.000000,1.000000 
82509.000000,30894.000000,1.000000,1.000000 
82514.000000,31001.000000,1.000000,1.000000 
82518.000000,31113.000000,1.000000,1.000000 
82523.000000,31228.000000,1.000000,1.000000 
82527.000000,31348.000000,1.000000,1.000000 
82532.000000,31489.000000,1.000000,1.000000 
82536.000000,31640.000000,1.000000,1.000000 
82541.000000,31780.000000,1.000000,1.000000 
82545.000000,31896.000000,1.000000,1.000000 
82550.000000,31996.000000,1.000000,1.000000 
82554.000000,32093.000000,1.000000,1.000000 
82559.000000,32188.000000,1.000000,1.000000 
82563.000000,32284.000000,1.000000,1.000000 
82568.000000,32389.000000,1.000000,1.000000 
82572.000000,32500.000000,1.000000,1.000000 
82577.000000,32617.000000,1.000000,1.000000 
82581.000000,32734.000000,1.000000,1.000000 
82586.000000,32854.000000,1.000000,1.000000 
82590.000000,32972.000000,1.000000,1.000000 
82595.000000,33087.000000,1.000000,1.000000 
82599.000000,33199.000000,1.000000,1.000000 
82604.000000,33309.000000,1.000000,1.000000 
82608.000000,33428.000000,1.000000,1.000000 
82613.000000,33539.000000,1.000000,1.000000 
82617.000000,33635.000000,1.000000,1.000000 
82622.000000,33725.000000,1.000000,1.000000 
82626.000000,33818.000000,1.000000,1.000000 
82631.000000,33913.000000,1.000000,1.000000 
82635.000000,34007.000000,1.000000,1.000000 
82642.000000,34145.000000,1.000000,1.000000 
82647.000000,34242.000000,1.000000,1.000000 
82651.000000,34345.000000,1.000000,1.000000 
82656.000000,34447.000000,1.000000,1.000000 
82660.000000,34553.000000,1.000000,1.000000 
82665.000000,34669.000000,1.000000,1.000000 
82669.000000,34807.000000,1.000000,1.000000 
82674.000000,34960.000000,1.000000,1.000000 
82678.000000,35081.000000,1.000000,1.000000 
82683.000000,35155.000000,1.000000,1.000000 
82687.000000,35191.000000,1.000000,1.000000 
82692.000000,35205.000000,1.000000,1.000000 
82696.000000,35214.000000,1.000000,1.000000 
82701.000000,35218.000000,1.000000,1.000000 
82705.000000,35216.000000,1.000000,1.000000 
82710.000000,35208.000000,1.000000,1.000000 
82714.000000,35202.000000,1.000000,1.000000 
82719.000000,35206.000000,1.000000,1.000000 
82723.000000,35214.000000,1.000000,1.000000 
82728.000000,35216.000000,1.000000,1.000000 
82732.000000,35216.000000,1.000000,1.000000 
82737.000000,35218.000000,1.000000,1.000000 
82741.000000,35219.000000,1.000000,1.000000 
82746.000000,35220.000000,1.000000,1.000000 
82750.000000,35220.000000,1.000000,1.000000 
82755.000000,35220.000000,1.000000,1.000000 
82759.000000,35220.000000,1.000000,1.000000 
82764.000000,35221.000000,1.000000,1.000000 
82768.000000,35221.000000,1.000000,1.000000 
82773.000000,35222.000000,1.000000,1.000000 
82777.000000,35219.000000,1.000000,1.000000 
82782.000000,35216.000000,1.000000,1.000000 
82786.000000,35216.000000,1.000000,1.000000 
82791.000000,35216.000000,1.000000,1.000000 
82795.000000,35217.000000,1.000000,1.000000 
82800.000000,35219.000000,1.000000,1.000000 
82804.000000,35222.000000,1.000000,1.000000 
82809.000000,35223.000000,1.000000,1.000000 
82813.000000,35220.000000,1.000000,1.000000 
82818.000000,35215.000000,1.000000,1.000000 
82822.000000,35212.000000,1.000000,1.000000 
82827.000000,35214.000000,1.000000,1.000000 
82831.000000,35215.000000,1.000000,1.000000 
82836.000000,35214.000000,1.000000,1.000000 
82841.000000,35209.000000,1.000000,1.000000 
82845.000000,35204.000000,1.000000,1.000000 
82850.000000,35203.000000,1.000000,1.000000 
82854.000000,35202.000000,1.000000,1.000000 
82859.000000,35201.000000,1.000000,1.000000 
82863.000000,35200.000000,1.000000,1.000000 
82868.000000,35197.000000,1.000000,1.000000 
82872.000000,35197.000000,1.000000,1.000000 
82877.000000,35198.000000,1.000000,1.000000 
82881.000000,35198.000000,1.000000,1.000000 
82886.000000,35196.000000,1.000000,1.000000 
82890.000000,35186.000000,1.000000,1.000000 
82895.000000,35176.000000,1.000000,1.000000 
82899.000000,35177.000000,1.000000,1.000000 
82904.000000,35182.000000,1.000000,1.000000 
82908.000000,35186.000000,1.000000,1.000000 
82913.000000,35185.000000,1.000000,1.000000 
82917.000000,35184.000000,1.000000,1.000000 
82922.000000,35184.000000,1.000000,1.000000 
82926.000000,35180.000000,1.000000,1.000000 
82931.000000,35178.000000,1.000000,1.000000 
82935.000000,35178.000000,1.000000,1.000000 
82940.000000,35181.000000,1.000000,1.000000 
82946.000000,35187.000000,1.000000,1.000000 
82950.000000,35187.000000,1.000000,1.000000 
82955.000000,35186.000000,1.000000,1.000000 
82960.000000,35186.000000,1.000000,1.000000 
82964.000000,35186.000000,1.000000,1.000000 
82969.000000,35186.000000,1.000000,1.000000 
82973.000000,35182.000000,1.000000,1.000000 
82978.000000,35173.000000,1.000000,1.000000 
82982.000000,35169.000000,1.000000,1.000000 
82987.000000,35171.000000,1.000000,1.000000 
82991.000000,35174.000000,1.000000,1.000000 
82996.000000,35175.000000,1.000000,1.000000 
83000.000000,35173.000000,0.966667,1.000000 
83005.000000,35170.000000,0.925000,0.958333 
83009.000000,35167.000000,0.891667,0.925000 
83014.000000,35166.000000,0.850000,0.883333 
83018.000000,35169.000000,0.816667,0.850000 
83023.000000,35171.000000,0.775000,0.808333 
83027.000000,35171.000000,0.741666,0.775000 
83032.000000,35164.000000,0.700000,0.733333 
83036.000000,35161.000000,0.666666,0.700000 
83041.000000,35222.000000,0.625000,0.741666 
83045.000000,35350.000000,0.591666,0.775000 
83050.000000,35463.000000,0.633333,0.816667 
83054.000000,35560.000000,0.666666,0.850000 
83059.000000,35669.000000,0.708333,0.891667 
83063.000000,35784.000000,0.741666,0.925000 
83068.000000,35885.000000,0.783333,0.966667 
83072.000000,35973.000000,0.816667,1.000000 
83077.000000,36079.000000,0.858333,1.000000 
83081.000000,36211.000000,0.891667,1.000000 
83086.000000,36354.000000,0.933333,1.000000 
83090.000000,36495.000000,0.966667,1.000000 
83095.000000,36642.000000,1.000000,1.000000 
83099.000000,36789.000000,1.000000,1.000000 
83104.000000,36937.000000,1.000000,1.000000 
83108.000000,37080.000000,1.000000,1.000000 
83113.000000,37225.000000,1.000000,1.000000 
83117.000000,37370.000000,1.000000,1.000000 
83122.000000,37517.000000,1.000000,1.000000 
83126.000000,37656.000000,1.000000,1.000000 
83131.000000,37792.000000,1.000000,1.000000 
83135.000000,37927.000000,1.000000,1.000000 
83140.000000,38068.000000,1.000000,1.000000 
83144.000000,38209.000000,1.000000,1.000000 
83149.000000,38348.000000,1.000000,1.000000 
83154.000000,38483.000000,1.000000,1.000000 
83158.000000,38621.000000,1.000000,1.000000 
83163.000000,38760.000000,1.000000,1.000000 
83167.000000,38902.000000,1.000000,1.000000 
83172.000000,39040.000000,1.000000,1.000000 
83176.000000,39181.000000,1.000000,1.000000 
83181.000000,39313.000000,1.000000,1.000000 
83185.000000,39400.000000,1.000000,1.000000 
83190.000000,39435.000000,1.000000,1.000000 
83194.000000,39468.000000,1.000000,1.000000 
83199.000000,39535.000000,1.000000,1.000000 
83203.000000,39633.000000,1.000000,1.000000 
83208.000000,39737.000000,1.000000,1.000000 
83212.000000,39827.000000,1.000000,1.000000 
83217.000000,39881.000000,1.000000,1.000000 
83221.000000,39898.000000,1.000000,1.000000 
83226.000000,39882.000000,1.000000,1.000000 
83230.000000,39876.000000,1.000000,1.000000 
83235.000000,39923.000000,1.000000,1.000000 
83239.000000,39987.000000,1.000000,1.000000 
83244.000000,40026.000000,1.000000,1.000000 
83250.000000,40026.000000,1.000000,1.000000 
83255.000000,40011.000000,1.000000,1.000000 
83260.000000,40006.000000,1.000000,1.000000 
83264.000000,40011.000000,1.000000,1.000000 
83269.000000,40015.000000,1.000000,1.000000 
83273.000000,40011.000000,1.000000,1.000000 
83278.000000,40001.000000,1.000000,1.000000 
83282.000000,39995.000000,1.000000,1.000000 
83287.000000,39999.000000,1.000000,1.000000 
83291.000000,40007.000000,1.000000,1.000000 
83296.000000,40007.000000,1.000000,1.000000 
83300.000000,39996.000000,1.000000,1.000000 
83305.000000,39986.000000,1.000000,1.000000 
83309.000000,39989.000000,1.000000,1.000000 
83314.000000,39998.000000,1.000000,1.000000 
83318.000000,40005.000000,1.000000,1.000000 
83323.000000,40008.000000,1.000000,1.000000 
83327.000000,40000.000000,1.000000,1.000000 
83332.000000,39988.000000,1.000000,1.000000 
83336.000000,39982.000000,1.000000,1.000000 
83341.000000,39979.000000,1.000000,1.000000 
83345.000000,39984.000000,1.000000,1.000000 
83350.000000,39987.000000,1.000000,1.000000 
83354.000000,39977.000000,1.000000,1.000000 
83359.000000,39969.000000,1.000000,1.000000 
83363.000000,39962.000000,1.000000,1.000000 
83368.000000,39962.000000,1.000000,1.000000 
83372.000000,39968.000000,1.000000,1.000000 
83377.000000,39971.000000,1.000000,1.000000 
83381.000000,39969.000000,1.000000,1.000000 
83386.000000,39961.000000,1.000000,1.000000 
83390.000000,39958.000000,1.000000,1.000000 
83395.000000,39964.000000,1.000000,1.000000 
83399.000000,39967.000000,1.000000,1.000000 
83404.000000,39962.000000,1.000000,1.000000 
83408.000000,39956.000000,1.000000,1.000000 
83413.000000,39950.000000,1.000000,1.000000 
83417.000000,39950.000000,1.000000,1.000000 
83422.000000,39954.000000,1.000000,1.000000 
83426.000000,39957.000000,1.000000,1.000000 
83431.000000,39954.000000,1.000000,1.000000 
83435.000000,39945.000000,1.000000,1.000000 
83440.000000,39935.000000,1.000000,1.000000 
83445.000000,39932.000000,1.000000,1.000000 
83449.000000,39937.000000,1.000000,1.000000 
83454.000000,39948.000000,1.000000,1.000000 
83458.000000,39948.000000,1.000000,1.000000 
83463.000000,39936.000000,1.000000,1.000000 
83467.000000,39919.000000,1.000000,1.000000 
83472.000000,39912.000000,1.000000,1.000000 
83476.000000,39920.000000,1.000000,1.000000 
83481.000000,39933.000000,1.000000,1.000000 
83485.000000,39940.000000,1.000000,1.000000 
83490.000000,39936.000000,1.000000,1.000000 
83494.000000,39922.000000,1.000000,1.000000 
83499.000000,39908.000000,1.000000,1.000000 
83503.000000,39904.000000,1.000000,1.000000 
83507.000000,39909.000000,1.000000,1.000000 
83511.000000,39925.000000,1.000000,1.000000 
