  2572
  2572
  2634
  2572
  2572
  2634
  2572
  2572
  2634
  2572
  2572
  2634
  2572
  2572
  2634
  2572
  2572
  2634
  2572
  2572
  2634
  2572
  2572
  2634
  2572
  2572
  2634
  2572
  2572
  2634
  2526
  2572
  2634
  2479
  2572
  2634
  2539
  2572
  2634
  2398
  2572
  2634
  2422
  2572
  2634
  2541
  2572
  2634
  2662
  2572
  2634
  2730
  2572
  2634
  2703
  2572
  2634
  2925
  2572
  2634
  3069
  2572
  2634
  2958
  2572
  2634
  3307
  2572
  2634
  3484
  2572
  2634
  3513
  2572
  2634
  3160
  2572
  2634
  3152
  2572
  2634
  3625
  2572
  2634
  3481
  2572
  2634
  3580
  2572
  2634
  3193
  2572
  2634
  3209
  2572
  2634
  3151
  2572
  2634
  3525
  2572
  2634
  3621
  2572
  2634
  3806
  2572
  2634
  3506
  2572
  2634
  3616
  2572
  2634
  3647
  2572
  2634
  3423
  2572
  2634
  3789
  2572
  2634
  3547
  2572
  2634
  3196
  2572
  2634
  3538
  2572
  2634
  3647
  2572
  2634
  3229
  2572
  2634
  2990
  2572
  2634
  2742
  2572
  2634
  2544
  2572
  2634
  2920
  2572
  2634
  3286
  2572
  2634
  3235
  2572
  2634
  3818
  2572
  2634
  3742
  2572
  2634
  3587
  2572
  2634
  3133
  2572
  2634
  3054
  2572
  2634
  2972
  2572
  2634
  2943
  2572
  2634
  2813
  2572
  2634
  2807
  2572
  2634
  2811
  2572
  2634
  2802
  2572
  2634
  2836
  2572
  2634
  2824
  2572
  2634
  2881
  2572
  2634
  2767
  2572
  2634
  2775
  2572
  2634
  2843
  2572
  2634
  2933
  2572
  2634
  2902
  2572
  2634
  2884
  2572
  2634
  2898
  2572
  2634
  2838
  2572
  2634
  2870
  2572
  2634
  2811
  2572
  2634
  2757
  2572
  2634
  2713
  2572
  2634
  2770
  2572
  2634
  2941
  2572
  2634
  3281
  2572
  2634
  3299
  2572
  2634
  3103
  2572
  2634
  3252
  2572
  2634
  3184
  2572
  2634
  3031
  2572
  2634
  2782
  2572
  2634
  2749
  2572
  2634
  2654
  2572
  2634
  2489
  2572
  2634
  2486
  2572
  2634
  2451
  2572
  2634
  2370
  2572
  2634
  2279
  2572
  2634
  2214
  2572
  2634
  2219
  2572
  2634
  2000
  2572
  2634
  2141
  2572
  2634
  1931
  2572
  2634
  2160
  2572
  2634
  2172
  2572
  2634
  2366
  2572
  2634
  1830
  2572
  2634
  2133
  2572
  2634
  1767
  2572
  2634
  1735
  2572
  2634
  1761
  2572
  2634
  1721
  2572
  2634
  1752
  2572
  2634
  1818
  2572
  2634
  1848
  2572
  2634
  1839
  2572
  2634
  1796
  2572
  2634
  1802
  2572
  2634
  1797
  2572
  2634
  1800
  2572
  2634
  1780
  2572
  2634
  1751
  2572
  2634
  1758
  2572
  2634
  1791
  2572
  2634
  1787
  2572
  2634
  1818
  2572
  2634
  1828
  2572
  2634
  1828
  2572
