  2572
  2573
  2569
  2590
  2434
  2431
  2593
  2598
  2414
  2436
  2480
  2546
  2617
  2679
  2571
  2678
  2709
  2676
  2812
  3042
  2962
  2814
  2936
  3123
  3186
  3181
  3300
  3397
  3341
  3367
  3127
  3311
  3165
  3364
  3587
  3637
  3508
  3468
  3480
  3441
  3352
  3204
  3237
  3135
  3107
  3325
  3235
  3598
  3472
  3484
  3307
  3707
  3745
  3652
  3654
  3555
  3408
  3359
  3439
  3532
  3421
  3411
  3381
  3473
  3583
  3891
  3797
  3882
  4029
  3943
  4044
  3775
  3543
  3360
  3116
  2929
  2804
  2758
  2767
  2642
  3003
  3223
  3527
  3621
  3621
  3574
  3477
  3592
  3622
  3263
  3305
  3329
  3537
  3376
  3157
  3128
  3031
  3038
  3072
  3280
  3286
  3128
  3056
  3063
  3046
  3008
  3050
  3034
  3028
  3025
  3011
  3007
  3025
  2979
  2983
  3063
  3012
  2918
  2914
  2969
  2990
  2967
  2959
  2990
  2984
  2982
  2979
  2947
  2942
  2926
  2912
  2912
  3001
  2975
  2921
  2927
  2933
  2928
  2983
  3110
  3083
  2988
  2995
  2978
  2978
  2846
  3062
  3002
  3069
  2994
  2885
  3001
  3083
  3136
  3471
  3790
  3607
  3602
  3678
  3799
  3933
  3924
  3651
  3511
  3314
  3303
  3240
  3219
  3120
  3210
  3280
  3065
  2775
  2675
  3040
  3252
  3175
  3419
  3155
  2909
  2948
  3162
  2989
  2893
  2671
  2356
  2191
  2366
  2279
  2311
  2557
  2668
  2638
  2826
  2634
  2488
  2709
  2828
  2769
  2621
  2500
  2311
  2267
  2250
  2430
  2182
  2119
  2071
  1971
  1922
  1842
  1846
  1808
  1792
  1786
  1733
  1722
  1724
  1734
  1717
  1670
  1688
  1683
  1655
  1632
  1610
  1601
  1584
  1564
  1545
  1536
  1530
  1525
  1520
  1516
  1512
  1508
  1504
  1501
  1497
  1494
  1493
  1489
  1486
  1483
  1481
  1479
  1476
  1472
  1468
  1483
  1482
  1485
  1494
  1494
  1482
  1462
  1453
  1451
  1451
  1451
  1451
  1447
  1447
  1449
  1441
  1439
  1437
  1434
  1435
  1433
  1430
  1430
  1427
  1427
  1434
  1453
  1441
  1460
  1467
  1466
  1470
  1457
  1436
  1420
  1416
  1414
  1426
  1428
  1430
  1438
  1439
  1436
  1435
  1431
  1431
  1435
  1444
  1451
  1452
  1461
  1472
  1481
  1494
  1492
  1485
  1467
  1467
  1472
  1472
  1479
  1496
  1486
  1503
  1505
  1512
  1515
  1506
  1503
  1508
  1518
  1517
  1514
  1534
  1522
  1533
  1517
  1528
  1514
  1519
  1518
  1519
  1509
  1513
  1507
  1524
  1533
  1525
  1524
  1525
  1540
  1543
  1533
  1537
  1547
  1541
  1539
  1538
  1541
  1545
  1549
  1553
  1558
  1570
  1571
  1578
  1587
  1607
  1609
  1615
  1642
  1662
  1690
  1687
  1670
  1670
  1658
  1642
  1644
  1635
  1640
