  2447
  2493
  2538
  2602
  2377
  2340
  2378
  2356
  2330
  2322
  2354
  2337
  2349
  2341
  2357
  2365
  2367
  2353
  2344
  2322
  2330
  2349
  2358
  2347
  2323
  2303
  2339
  2334
  2354
  2374
  2332
  2301
  2319
  2338
  2335
  2335
  2366
  2405
  2395
  2389
  2360
  2467
  2447
  2387
  2372
  2507
  2654
  2820
  2910
  2955
  3022
  3168
  3096
  3060
  3050
  3091
  3179
  3253
  3180
  3081
  2984
  2993
  2967
  2904
  2902
  2911
  2928
  2888
  2793
  2696
  2602
  2679
  2613
  2561
  2525
  2498
  2409
  2379
  2428
  2445
  2482
  2504
  2504
  2625
  2623
  2555
  2545
  2459
  2449
  2460
  2391
  2332
  2280
  2253
  2213
  2240
  2222
  2188
  2226
  2195
  2148
  2151
  2165
  2293
  2289
  2274
  2252
  2232
  2215
  2201
  2195
  2176
  2173
  2154
  2131
  2093
  2069
  2093
  2088
  2085
  2079
  2069
  1902
  2076
  2113
  2157
  2258
  2324
  2477
  2494
  2607
  2824
  2972
  2908
  2800
  2659
  2600
  2549
  2575
  2460
  2461
  2618
  2667
  2655
  2754
  2935
  3034
  3039
  3008
  3010
  3212
  3301
  3085
  2981
  2944
  2777
  2964
  2978
  2990
  2900
  2709
  2514
  2473
  2461
  2430
  2452
  2558
  2743
  2739
  2732
  2850
  2617
  2450
  2323
  2307
  2276
  2309
  2369
  2311
  2242
  2177
  2221
  2149
  2156
  2147
  2141
  2145
  2150
  2140
  2121
  2131
  2244
  2224
  2215
  2210
  2204
  2198
  2181
  2168
  2167
  2159
  2150
  2130
  2057
  2039
  2026
  2020
  2020
  2018
  2010
  1992
  1992
  2013
  2005
  1991
  2030
  2021
  1976
  1964
  1952
  1982
  1951
  1921
  1902
  1905
  1914
  1928
  1914
  1908
  1915
  1909
  1941
  2003
  1994
  1980
  1957
  1952
  1954
  1972
  1983
  1982
  1982
  1969
  1973
  1962
  1957
  1945
  1946
  1948
  1943
  1910
  1843
  1837
  1812
  1725
  1719
  1805
  1656
  1801
  1634
  1625
  1811
  1835
  1604
  1588
  1537
  1591
  1586
  1503
  1497
  1454
  1439
  1438
  1426
  1423
  1413
  1407
  1395
  1386
  1387
  1386
  1390
  1381
  1383
  1386
  1397
  1380
  1378
  1372
  1358
  1355
  1351
  1357
  1338
  1311
  1286
  1281
  1281
  1291
  1295
  1277
  1261
  1250
  1260
  1262
  1253
  1235
  1225
  1228
  1235
  1238
  1249
  1273
  1469
  1486
  1484
  1488
  1463
  1467
  1487
  1512
  1518
  1407
  1387
  1500
  1501
  1416
  1424
  1389
  1384
  1379
  1325
  1296
  1292
  1307
  1254
  1292
  1269
  1305
  1311
  1289
  1260
  1271
  1271
  1288
  1318
  1288
  1304
  1315
  1292
  1280
  1269
  1272
  1252
  1242
  1243
  1247
  1250
  1248
  1254
  1269
  1273
  1272
  1275
  1268
  1254
  1253
  1251
  1262
  1281
  1287
  1286
  1294
  1317
  1324
