  1509
  1498
  1495
  1496
  1494
  1496
  1497
  1517
  1547
  1583
  1623
  1623
  1617
  1612
  1605
  1607
  1606
  1609
  1614
  1622
  1633
  1647
  1659
  1679
  1693
  1713
  1731
  1747
  1770
  1799
  1840
  1887
  1873
  1859
  1877
  1926
  2165
  2043
  2177
  2069
  2151
  2220
  2206
  2169
  2176
  2182
  2147
  2199
  2179
  2189
  2156
  2144
  2141
  2109
  2085
  2149
  2098
  2055
  2048
  2044
  2038
  2042
  2040
  2036
  2038
  2033
  2020
  2019
  2014
  2012
  2009
  2003
  1993
  1985
  1977
  1977
  1980
  1989
  1995
  2003
  2009
  2019
  2024
  2038
  2049
  1949
  1941
  1921
  1904
  1878
  1872
  1881
  1899
  1867
  1969
  1934
  2002
  1958
  1978
  1912
  1918
  1934
  1963
  2000
  2003
  2066
  2087
  2037
  2023
  2032
  2053
  2137
  2175
  2166
  2175
  2205
  2256
  2245
  2287
  2320
  2117
  2088
  2131
  2047
  2129
  2150
  2225
  2366
  2343
  2269
  2197
  2151
  2256
  2413
  2469
  2447
  2478
  2513
  2569
  2654
  2582
  2631
  2491
  2418
  2302
  2245
  2207
  2216
  2163
  2144
  2207
  2246
  2329
  2267
  2242
  2190
  2271
  2326
  2380
  2437
  2441
  2421
  2524
  2294
  2247
  2138
  2137
  2158
  2159
  2138
  2131
  2113
  2089
  2111
  2123
  2095
  2082
  2092
  2077
  2061
  2068
  2061
  2043
  2061
  2091
  2108
  2058
  2044
  2048
  2055
  2090
  2103
  2087
  2054
  2038
  2024
  2038
  2046
  2059
  2068
  2099
  2126
  2183
  2220
  2231
  2264
  2177
  2158
  2134
  2132
  2132
  2151
  2262
  2193
  2141
  2032
  1992
  1975
  1976
  1965
  1951
  1944
  1970
  1969
  1956
  1952
  1953
  1968
  1929
  1913
  1902
  1902
  1907
  1916
  1935
  1932
  1914
  1906
  1908
  1896
  1895
  1890
  1886
  1895
  1902
  1885
  1860
  1838
  1826
  1811
  1804
  1806
  1798
  1781
  1782
  1784
  1770
  1762
  1776
  1715
  1780
  1784
  1764
  1761
  1783
  1780
  1792
  1805
  1826
  1833
  1852
  1856
  1854
  1852
  1855
  1860
  1870
  1880
  1890
  1913
  1919
  1930
  1950
  1951
  1949
  1931
  1942
  1935
  1934
  1928
  1928
  1923
  1941
  1926
  1909
  1914
  1895
  1927
  1927
  1908
  1909
  1934
  1928
  1934
  1941
  1929
  1948
  1917
  1938
  1920
  1972
  1959
  1969
  1967
  1987
  1999
  2002
  1975
  1991
  1989
  1983
  1957
  1951
  1944
  1938
  1938
  1960
  1989
  1974
  1957
  1959
  1960
  1980
  2014
  1970
  1944
  1938
  1919
  1909
  1908
  1902
  1888
  1878
  1872
  1868
  1823
  1821
  1822
  1806
  1816
  1799
  1777
  1759
  1774
  1781
  1775
  1758
  1757
  1727
  1752
  1735
  1763
  1763
  1762
  1772
  1760
  1700
  1682
  1682
  1713
  1738
  1770
  1751
  1763
  1776
