"8U Rch"  40 47.477 -105 17.638 
"AA Rch"  41 09.498 -106 33.452 
"Akron Wsh"  40 10.538 -103 13.322 
"Alliance"  42 03.195 -102 48.223 
"Ambrosich"  39 13.066 -104 40.816 
"Angel Fire"  36 25.320 -105 17.393 
"Animas"  37 12.191 -107 52.152 
"Antelope air"  39 01.48 -105 36.86 
"Antero Mt"  38 40.433 -106 14.801 
"Arboles?"  37 00.080 -107 25.370 
"Arlington?"  41 32.960 -106 07.245 
"Aspen"  39 13.390 -106 52.130 
"Aspen Gldr"  39 15.599 -106 54.735 
"Athanasiou?"  39 51.249 -105 28.283 
"AtwdRwlns"  39 50.408 -101 02.522 
"BadgerFlat?"  39 03.384 -105 27.734 
"BellamyFrm"  39 07.734 -101 42.994 
"Berthound"  40 18.364 -105 04.946 
"Bierstadt Mt"  39 34.966 -105 40.117 
"Bijou Basin"  39 54.499 -104 07.564 
"Black"  39 49.550 -101 21.760 
"Blake"  38 47.100 -108 03.800 
"Blanca"  37 24.667 -105 33.101 
"Blanca Peak"  37 34.640 -105 29.120 
"Bogner"  43 06.615 -103 13.812 
"Boulder"  40 02.366 -105 13.549 
"BowenFms"  39 32.999 -105 02.032 
"Breckenridg?"  39 30.607 -106 03.032 
"Bressler"  39 44.550 -101 33.343 
"Bross Mt"  39 20.116 -106 06.451 
"Brush"  40 15.832 -103 34.863 
"BuckHrnRch"  38 51.116 -106 55.969 
"BuenaVista"  38 48.818 -106 07.225 
"Bullseye"  38 45.466 -104 18.498 
"Burnham"  40 46.882 -104 55.048 
"Bursch"  39 35.466 -101 35.560 
"Bussen"  38 54.317 -101 47.027 
"Butler"  41 06.349 -104 12.447 
"ButtonRkRes"  40 13.000 -105 21.900 
"CablesCnrs"  38 50.139 -104 08.108 
"Calhan"  39 02.866 -104 17.531 
"CampGue"  42 15.577 -104 43.697 
"Camron Pass"  40 31.238 -105 53.531 
"Carbondale?"  39 23.332 -107 09.603 
"Cedar Ck Rc"  41 24.550 -106 35.550 
"Centenial"  41 17.900 -106 08.400 
"Centennial"  39 34.208 -104 50.958 
"Chadron"  42 50.253 -103 05.725 
"Chama?"  36 52.001 -106 34.035 
"Chaparral?"  39 27.860 -104 15.450 
"Chapman?"  37 40.600 -106 33.400 
"Cheyen Co"  39 45.663 -101 47.750 
"Cheyenne"  41 09.343 -104 48.710 
"Christman"  40 35.832 -105 08.616 
"Circle 8 Rc"  39 20.083 -104 32.781 
"Clifford"  38 34.499 -107 57.537 
"Colorado"  38 52.466 -104 24.598 
"Conifer"  39 31.665 -105 18.204 
"ConverseCnty"  42 47.835 -105 23.144 
"Cottonwood"  38 03.334 -103 39.197 
"Craig"  40 29.710 -107 31.290 
"Crawford"  38 42.249 -107 38.620 
"CrestonePk"  37 58.000 -105 35.080 
"Cridler"  38 50.899 -107 50.004 
"Crop Air"  40 30.749 -104 39.114 
"Crystal Lks?"  40 51.099 -105 37.983 
"Cuchara Vly"  37 31.429 -105 00.556 
"Deckers"  39 15.446 -105 14.162 
"Del Norte"  37 42.817 -106 21.292 
"Democrat Mt"  39 20.383 -106 08.401 
"Dietrichs"  39 19.949 -104 33.982 
"Dinosoar?"  40 14.473 -108 59.556 
"Dixon"  41 02.298 -107 29.837 
"DurangoLaPl"  37 09.091 -107 45.226 
"Dutch John"  40 55.064 -109 23.441 
"Eads"  38 28.500 -102 48.528 
"Eagle Cnty"  39 38.554 -106 55.062 
"EastnVllyVw"  40 19.832 -104 36.531 
"Eastside"  36 55.301 -106 33.619 
"Edgemont"  43 17.715 -103 50.612 
"Elbert Mt"  39 07.066 -106 26.718 
"Eleven MiRes"  38 54.420 -105 28.765 
"Ellis"  42 01.314 -106 25.468 
"Estes Prk"  40 23.088 -105 31.295 
"Evans Mt"  39 35.317 -105 38.600 
"Fat Chance"  39 06.367 -104 32.633 
"Florisant"  38 53.100 -105 16.700 
"ForkValley"  38 49.899 -107 38.753 
"FourCnrs?"  40 53.496 -105 56.952 
"FowlerAP"  38 04.350 -104 02.748 
"FremontCnty"  38 25.703 -105 06.330 
"FtColDownT"  40 35.300 -105 02.500 
"FtColnsLvlnd"  40 27.110 -105 00.680 
"FtMorgan"  40 20.054 -103 48.237 
"Garden"  41 24.058 -102 21.302 
"GlenwdSprg"  39 30.500 -107 18.690 
"GoldenYel II"  37 50.534 -105 12.833 
"GoldHill"  40 03.830 -105 24.480 
"GoldLk"  40 05.100 -105 26.850 
"Goodland"  39 22.237 -101 41.940 
"Gordon"  42 48.358 -102 10.515 
"Granby"  40 05.380 -105 55.030 
"GrandJunc"  39 07.340 -108 31.600 
"Grant"  42 00.566 -101 46.161 
"Grays Peak"  39 38.040 -105 49.020 
"GreeleyWld"  40 26.137 -104 37.927 
"Greenhorn?"  37 57.584 -104 47.032 
"GrntAirp"  40 52.171 -101 43.972 
"GrosRes"  39 57.000 -105 21.000 
"GTRGrnRvrntr"  41 27.481 -109 29.425 
"Gunnison"  38 32.037 -106 55.982 
"HagermnPass"  39 16.000 -106 29.000 
"HalliganRes"  40 52.760 -105 20.210 
"Harford"  42 55.467 -106 18.567 
"Harvard Mt"  38 55.466 -106 19.235 
"HaySprings"  42 40.748 -102 42.277 
"Heckendorf ?"  39 24.499 -105 50.201 
"Heilig"  41 53.750 -103 35.900 
"Hendricks"  38 42.332 -108 56.240 
"Holly"  38 02.098 -102 07.003 
"Holyoke"  40 34.166 -102 16.361 
"Hopkins"  38 14.333 -108 33.806 
"HorseCreek"  41 24.650 -105 10.783 
"HorseTthLk"  40 31.253 -105 09.290 
"HotSprings"  43 22.095 -103 23.288 
"Idaho Sprgs"  39 45.083 -105 30.880 
"Imperial"  40 30.625 -101 37.206 
"IndpdncePass"  39 07.000 -106 34.000 
"JamesTwn"  40 06.828 -105 23.154 
"Jeffco"  39 54.527 -105 07.033 
"Jicarilla"  36 49.712 -106 53.051 
"Julesberg"  40 58.250 -102 18.942 
"KellyApk"  39 13.358 -104 38.510 
"Kimball"  41 11.283 -103 40.643 
"KitCarson"  39 14.550 -102 17.423 
"Kremmling"  40 03.220 -106 22.140 
"KugelStrong"  40 12.750 -104 44.667 
"La Jara Dam"  37 14.660 -106 20.420 
"La Junta"  38 03.080 -103 30.641 
"LakeCnty"  39 13.216 -106 19.001 
"Lake George"  38 59.040 -105 21.920 
"LakeHattie"  41 14.500 -105 54.000 
"Lamar"  38 04.182 -102 41.310 
"Laramie"  41 18.723 -105 40.500 
"Laramie Pk"  42 16.499 -105 26.571 
"Las Animas"  38 03.167 -103 14.229 
"Last Chance"  39 44.400 -103 35.610 
"Leach"  37 47.083 -106 02.301 
"Lemons"  39 59.732 -105 13.433 
"Limon"  39 16.370 -103 39.980 
"Lindsey Mt"  37 35.084 -105 26.450 
"Longs Peak"  40 15.300 -105 36.960 
"Lookout Mtn"  40 32.050 -105 27.550 
"Lusk"  42 45.228 -104 24.273 
"Mack Mesa"  39 16.030 -108 51.820 
"MaloneMBarRc"  40 22.967 -101 09.093 
"Manila"  40 59.164 -109 40.709 
"Marble?"  39 04.410 -107 12.774 
"Maroon Pk"  39 04.249 -106 59.353 
"MarshallPass"  38 23.900 -106 14.983 
"Marshdale"  39 34.999 -105 18.200 
"Massive Mt"  39 11.233 -106 28.518 
"Mc Connell"  41 09.600 -101 17.943 
"Mc Cook"  40 12.397 -100 35.526 
"Mc Cullough"  37 38.600 -106 02.818 
"McClure Pass"  39 08.000 -107 18.000 
"Meadow Lake"  38 56.982 -104 34.365 
"MedBwPk"  41 21.613 -106 19.061 
"Medicine Bw"  41 52.998 -106 10.851 
"Meeker"  40 02.928 -107 53.155 
"Melby Rch"  37 03.900 -105 27.817 
"Melon"  38 00.920 -103 41.950 
"Merrihew"  41 50.999 -101 57.028 
"Merry"  41 51.999 -101 55.028 
"Mertens"  40 37.049 -103 19.996 
"Mesa Airstr?"  39 56.815 -108 26.372 
"Mesa View"  40 46.498 -107 32.037 
"Mesawood"  38 57.667 -107 57.467 
"MeyerRch"  39 32.965 -105 16.780 
"MicrowveTwr"  41 25.833 -104 20.867 
"MillerTurf"  41 20.449 -102 46.662 
"Mineral Cnty"  37 49.250 -106 55.869 
"Missouri Mt"  38 56.833 -106 22.702 
"Modisett"  42 44.249 -102 26.694 
"Mollenkamp"  38 46.001 -101 15.426 
"MonarchPass"  38 30.500 -106 19.090 
"Monte Vsta"  37 31.713 -106 02.763 
"Montrose"  38 30.532 -107 53.630 
"MorningShdw"  37 44.515 -106 31.553 
"Morris?"  39 50.104 -103 44.136 
"Morrison"  39 39.557 -105 11.204 
"Moriarty"  34 59.13 -106 00.57 
"Morton Pass"  41 38.983 -105 32.283 
"Mosca Pass"  37 44.000 -105 28.000 
"MrkHoardMm"  38 27.418 -101 21.193 
"Mtn View Rc"  39 06.583 -104 39.232 
"NashRc"  38 45.583 -105 23.033 
"Nathrop"  38 44.420 -106 05.040 
"Natrona"  42 54.483 -106 27.867 
"Nedlnd"  39 57.750 -105 30.803 
"Newman?"  41 01.267 -102 01.083 
"NippleRimRc?"  40 49.339 -108 07.693 
"NiwtMt"  40 03.383 -105 33.900 
"Oakley"  39 06.597 -100 48.987 
"Oberlin"  39 50.027 -100 32.365 
"Ogallala"  41 07.180 -101 46.140 
"Old La Sa?"  38 32.170 -109 14.304 
"OldBlackFrst?"  38 58.500 -104 41.500 
"Omega1STOL"  38 50.128 -107 48.911 
"Orr"  41 10.916 -100 51.592 
"Orr Ranch"  42 23.165 -102 34.529 
"Owl Canyon"  40 48.282 -104 59.098 
"Oxford Mt"  38 57.883 -106 20.335 
"Packard Rch?"  41 25.999 -101 41.027 
"Palmer Lake"  39 07.300 -104 54.920 
"Paradise"  40 26.464 -109 50.817 
"Parkland"  40 04.299 -105 02.016 
"Pawlet Ranch"  41 49.749 -102 20.562 
"Pelican Lake"  40 10.881 -109 40.342 
"Perry Park"  39 14.999 -104 53.449 
"Perry Stokes"  37 15.563 -104 20.441 
"Phelps"  41 02.466 -103 04.095 
"Phifer"  42 03.332 -104 55.965 
"Phillips"  42 19.664 -103 11.612 
"Phylcon Rc"  39 07.749 -108 08.538 
"Pikes Pk"  38 50.433 -105 02.666 
"Pine Bluffs"  41 09.199 -104 07.814 
"Pine Ridge"  43 01.355 -102 30.664 
"Pine View"  39 20.666 -104 34.865 
"Pinyon"  39 00.166 -108 42.623 
"PlainsView"  42 15.498 -103 31.780 
"Plata Pk La"  39 01.766 -106 28.385 
"Platt Ranch"  41 09.898 -106 35.702 
"Platt Reg"  41 07.573 -100 41.019 
"Pleasant Vly"  40 20.482 -106 50.970 
"Potter"  41 12.333 -103 19.067 
"Poudre"  40 41.530 -105 37.220 
"Princeton Mt"  38 44.966 -106 14.551 
"Pueblo"  38 17.345 -104 29.794 
"Pyramid Pk"  39 04.283 -106 57.019 
"Quandary Pk"  39 23.833 -106 06.384 
"QuestaAP"  36 48.010 -105 35.850 
"R Flats ?"  39 52.149 -105 14.703 
"Rabbits Ears"  40 23.000 -106 35.000 
"Ramah Res"  39 05.680 -104 12.470 
"Rampart Res"  38 58.370 -104 57.820 
"Rangely"  40 05.680 -108 45.670 
"RangerStatn"  38 29.000 -107 19.500 
"Raton Muni"  36 44.492 -104 30.131 
"Rawhide?"  40 54.499 -105 05.032 
"Rawlins"  41 48.336 -107 11.996 
"Ray"  41 04.648 -102 27.843 
"Rays"  41 14.732 -105 43.866 
"RdJog750"  40 15.232 -101 45.454 
"Red CreekRc"  41 04.000 -109 05.367 
"Red Feather"  40 48.120 -105 34.320 
"Redlands"  38 50.408 -107 47.561 
"Regier"  40 54.966 -101 33.577 
"Reid Rnches"  40 06.999 -104 19.031 
"Reisig"  41 54.398 -103 41.980 
"Rifle"  39 31.579 -107 43.616 
"Riverside"  40 10.522 -105 26.281 
"RnchoDeAero"  40 12.899 -104 59.065 
"Robbins"  42 15.598 -105 51.534 
"Rock Creek"  38 08.183 -104 48.883 
"Rock River"  41 44.683 -105 58.183 
"Rock Springs"  41 35.650 -109 03.910 
"RockerRnch"  40 24.933 -109 20.617 
"Rocky Mtn"  38 47.000 -104 44.032 
"Rollins Pass"  39 57.000 -105 41.000 
"Rons"  37 33.184 -102 23.528 
"Roxboro Park"  39 26.866 -105 04.850 
"Royal Gorge"  38 27.600 -105 19.610 
"RunnerLndngr"  42 24.433 -101 55.894 
"Saguache"  38 05.830 -106 10.120 
"Salida"  38 32.348 -106 02.750 
"San Luis Pk"  37 59.216 -106 55.886 
"Sand Arroya"  38 27.167 -103 31.780 
"Sand Dune?"  37 41.250 -105 33.540 
"SanLuis"  37 26.095 -105 51.993 
"SanLuisLnd??"  37 11.500 -105 27.780 
"SantaFe"  35 37.00 -106 05.3 
"Saratoga"  41 26.692 -106 49.412 
"Schawo"  40 40.249 -104 12.496 
"Scherler"  38 34.601 -102 26.228 
"Scotts Bluff"  41 52.440 -103 35.730 
"Sedalia"  39 26.330 -104 57.690 
"Shah Strip"  40 16.100 -106 07.600 
"Shaltz"  39 25.652 -101 02.794 
"Shaull Farm"  40 43.299 -104 46.681 
"Shavano Mt"  38 37.130 -106 14.350 
"Shelburne"  41 03.000 -101 48.277 
"Sherman Mt"  39 13.499 -106 10.185 
"SherwnFldNr1"  43 30.367 -104 52.700 
"Shipman Rc"  38 49.999 -107 51.537 
"Shively"  41 26.683 -106 49.417 
"Sidney"  41 06.080 -102 59.117 
"Sidney Peak"  40 23.332 -106 51.203 
"Silkman"  39 27.283 -102 12.778 
"SilverWest"  38 00.667 -105 22.367 
"Simla"  39 08.560 -104 05.110 
"SimlaW"  39 08.000 -104 01.367 
"Singleton Rc"  39 52.332 -104 09.197 
"Sky Haven"  39 42.816 -104 11.631 
"SkyIsland"  38 44.249 -108 00.354 
"Skyote"  40 45.482 -106 58.320 
"Skyview"  41 13.032 -104 35.031 
"Sloan ?"  41 09.416 -104 42.498 
"Smith3?"  40 28.916 -101 48.777 
"Sneffels Mt"  38 00.199 -107 47.537 
"Snell Nlr"  42 18.415 -104 56.198 
"Snowmas Mt"  39 07.133 -107 03.986 
"Snyder Rnch"  41 34.333 -101 10.343 
"South Park?"  39 09.340 -105 43.744 
"SpanishPk"  37 41.798 -104 47.107 
"Spring Lake"  42 26.999 -102 08.028 
"Springfield"  37 27.780 -102 37.130 
"Stansfield?"  40 10.916 -102 55.330 
"SteamBtSp"  40 30.976 -106 51.978 
"Sterling"  40 36.824 -103 15.781 
"Stevens"  37 16.650 -107 03.358 
"Stevenson"  39 26.500 -100 37.775 
"StMalo"  40 14.841 -105 32.222 
"StnkngWtrCrk"  40 43.400 -101 27.443 
"StrontiasDam"  39 25.950 -105 07.580 
"Sullivan Pk?"  38 31.693 -104 54.484 
"Sundog"  40 21.020 -109 24.050 
"Sunshine Pk"  37 55.367 -107 25.536 
"Svitak"  42 02.698 -103 57.947 
"Syrcuse HML"  37 59.501 -101 44.777 
"Tabeguche Pk"  38 37.600 -106 15.635 
"Tabernash?"  39 59.664 -105 51.780 
"Taos"  36 27.491 -105 40.346 
"TaylorPrk?"  38 49.430 -106 33.266 
"TaylorRnch"  43 33.500 -106 00.533 
"Telluride"  37 57.226 -107 54.509 
"TenesePass"  39 22.150 -106 18.860 
"Tercio Rch"  37 04.150 -105 01.070 
"Texas Creek"  38 24.276 -105 35.256 
"Thiel"  41 15.165 -105 04.115 
"Thomas"  42 31.131 -105 01.148 
"Toponas"  40 03.423 -106 47.943 
"Torrington"  42 03.873 -104 09.162 
"Tranquila"  38 53.166 -104 14.931 
"Trego"  41 12.400 -101 08.610 
"Trenton"  40 11.250 -101 01.526 
"Tri County"  40 00.614 -105 02.878 
"Tribune"  38 27.251 -101 44.777 
"Two Bar"  41 55.982 -105 05.099 
"Ucompgre Pk"  38 04.300 -107 27.720 
"Uhrich"  40 27.632 -104 38.731 
"Val Air"  37 20.267 -107 51.121 
"Valley View"  38 11.560 -105 48.940 
"Van Boening"  40 47.217 -101 09.943 
"Van Treese"  37 39.500 -106 02.035 
"VanceBrand"  40 09.750 -105 09.830 
"Vernal"  40 26.470 -109 30.600 
"Villa Grove"  38 14.930 -105 56.940 
"Vowers"  41 37.332 -104 47.115 
"WagonHnd"  42 35.200 -105 32.300 
"Walden"  40 44.990 -106 16.280 
"Walker"  38 50.734 -101 44.877 
"Wallace"  40 49.933 -101 09.843 
"Walsenbrg"  37 37.674 -104 46.998 
"Wamsutter"  41 40.467 -107 58.851 
"Warrick Rc"  40 37.964 -108 46.380 
"Webster"  39 27.228 -105 43.140 
"Westwater"  39 08.800 -109 08.700 
"White Pine"  40 36.300 -105 28.267 
"WiddowFld?"  41 36.958 -106 24.194 
"Widner"  38 50.032 -107 53.537 
"WilkrsonPass"  39 02.300 -105 31.510 
"Williams Pv"  40 36.249 -103 56.364 
"Williams RC"  38 09.749 -108 20.422 
"Wilson Mt"  37 50.350 -107 59.487 
"Wilson Rch"  38 03.166 -107 58.770 
"WindomPk"  37 37.283 -107 35.520 
"Wine Glass"  37 38.184 -103 39.464 
"Wings RC?"  38 46.803 -108 50.831 
"Wirth"  40 30.817 -103 54.717 
"WKR"  40 31.250 -104 58.007 
"WolfCrk Pass"  37 28.978 -106 48.044 
"Woods"  38 23.333 -107 49.387 
"Wray"  40 06.019 -102 14.458 
"Wright"  39 24.500 -102 01.278 
"WstbrgRslng"  40 02.832 -104 12.564 
"Yale Mt"  38 50.650 -106 18.835 
"Yampa Vly"  40 28.870 -107 13.060 
"Yankee"  40 38.083 -104 59.466 
"Yocam Ranch"  40 17.999 -104 13.780 
"Youtsey"  38 16.000 -104 17.031 
"Yuma"  40 06.249 -102 42.779 
