0, 1100 
1, 720 
2, 311 
3, -105 
4, -495 
5, -851 
6, -1149 
7, -1394 
8, -1580 
9, -1712 
10, -1802 
11, -1858 
12, -1879 
13, -1882 
14, -1857 
15, -1821 
16, -1761 
17, -1658 
18, -1521 
19, -1350 
20, -1149 
21, -918 
22, -676 
23, -421 
24, -184 
25, 18 
26, 205 
27, 352 
28, 454 
29, 534 
30, 575 
31, 581 
32, 583 
33, 566 
34, 555 
35, 547 
36, 541 
37, 558 
38, 577 
39, 592 
40, 610 
41, 635 
42, 683 
43, 768 
44, 910 
45, 1077 
46, 1263 
47, 1432 
48, 1525 
49, 1569 
50, 1537 
51, 1450 
52, 1363 
53, 1271 
54, 1164 
55, 1044 
56, 895 
57, 680 
58, 403 
59, 87 
60, -280 
61, -653 
62, -1001 
63, -1315 
64, -1578 
65, -1787 
66, -1938 
67, -2024 
68, -2057 
69, -2052 
70, -1994 
71, -1894 
72, -1760 
73, -1589 
74, -1354 
75, -1077 
76, -774 
77, -440 
78, -97 
79, 249 
80, 575 
81, 869 
82, 1125 
83, 1308 
84, 1424 
85, 1464 
86, 1424 
87, 1326 
88, 1180 
89, 1007 
90, 804 
91, 581 
92, 344 
93, 85 
94, -177 
95, -462 
96, -748 
97, -1016 
98, -1259 
99, -1461 
100, -1595 
101, -1679 
102, -1729 
103, -1729 
104, -1721 
105, -1703 
106, -1660 
107, -1583 
108, -1467 
109, -1345 
110, -1224 
111, -1090 
112, -984 
113, -916 
114, -883 
115, -891 
116, -905 
117, -916 
118, -910 
119, -913 
120, -928 
121, -936 
122, -975 
123, -1019 
124, -1059 
125, -1108 
126, -1152 
127, -1181 
128, -1192 
129, -1167 
130, -1068 
131, -845 
132, -404 
133, 271 
134, 1101 
135, 1978 
136, 2720 
137, 3200 
138, 3364 
139, 3225 
140, 2915 
141, 2587 
142, 2397 
143, 2433 
144, 2680 
145, 3040 
146, 3361 
147, 3456 
148, 3239 
149, 2698 
150, 1892 
151, 941 
152, 14 
153, -808 
154, -1487 
155, -1992 
156, -2357 
157, -2609 
158, -2795 
159, -2922 
160, -2969 
161, -2965 
162, -2909 
163, -2849 
164, -2811 
165, -2803 
166, -2819 
167, -2777 
168, -2614 
169, -2276 
170, -1752 
171, -1079 
172, -340 
173, 374 
174, 971 
175, 1369 
176, 1558 
177, 1602 
178, 1543 
179, 1468 
180, 1445 
181, 1455 
182, 1502 
183, 1555 
184, 1569 
185, 1534 
186, 1441 
187, 1294 
188, 1111 
189, 926 
190, 751 
191, 593 
192, 453 
193, 321 
194, 193 
195, 89 
196, -12 
197, -86 
198, -112 
199, -105 
200, -69 
201, -21 
202, 51 
203, 116 
204, 127 
205, 93 
206, 7 
207, -132 
208, -324 
209, -542 
210, -759 
211, -969 
212, -1160 
213, -1326 
214, -1444 
215, -1516 
216, -1562 
217, -1587 
218, -1598 
219, -1604 
220, -1603 
221, -1597 
222, -1568 
223, -1505 
224, -1393 
225, -1199 
226, -923 
227, -577 
228, -190 
229, 228 
230, 652 
231, 1033 
232, 1365 
233, 1613 
234, 1780 
235, 1894 
236, 1957 
237, 1992 
238, 2000 
239, 1991 
240, 1977 
241, 1931 
242, 1840 
243, 1702 
244, 1483 
245, 1197 
246, 854 
247, 447 
248, 29 
249, -389 
250, -769 
251, -1093 
252, -1367 
253, -1563 
254, -1697 
255, -1779 
256, -1816 
257, -1821 
258, -1798 
259, -1747 
260, -1677 
261, -1592 
262, -1486 
263, -1369 
264, -1229 
265, -1063 
266, -877 
267, -676 
268, -467 
269, -258 
270, -63 
271, 96 
272, 233 
273, 341 
274, 395 
275, 422 
276, 413 
277, 383 
278, 340 
279, 300 
280, 277 
281, 266 
282, 289 
283, 335 
284, 401 
285, 482 
286, 568 
287, 683 
288, 821 
289, 995 
290, 1205 
291, 1429 
292, 1621 
293, 1749 
294, 1807 
295, 1781 
296, 1685 
297, 1572 
298, 1450 
299, 1330 
300, 1216 
301, 1080 
302, 873 
303, 587 
304, 236 
305, -200 
306, -652 
307, -1085 
308, -1469 
309, -1766 
310, -1980 
311, -2102 
312, -2152 
313, -2151 
314, -2105 
315, -2033 
316, -1933 
317, -1804 
318, -1638 
319, -1434 
320, -1175 
321, -875 
322, -541 
323, -175 
324, 190 
325, 552 
326, 868 
327, 1139 
328, 1336 
329, 1448 
330, 1483 
331, 1419 
332, 1299 
333, 1143 
334, 967 
335, 771 
336, 550 
337, 333 
338, 93 
339, -164 
340, -424 
341, -689 
342, -942 
343, -1162 
344, -1337 
345, -1464 
346, -1548 
347, -1595 
348, -1602 
349, -1576 
350, -1521 
351, -1444 
352, -1372 
353, -1303 
354, -1232 
355, -1172 
356, -1143 
357, -1125 
358, -1077 
359, -1035 
360, -1031 
361, -1036 
362, -1050 
363, -1079 
364, -1115 
365, -1144 
366, -1171 
367, -1208 
368, -1243 
369, -1281 
370, -1319 
371, -1342 
372, -1345 
373, -1341 
374, -1284 
375, -1112 
376, -797 
377, -281 
378, 464 
379, 1339 
380, 2201 
381, 2920 
382, 3391 
383, 3550 
384, 3443 
385, 3195 
386, 2935 
387, 2765 
388, 2785 
389, 2983 
390, 3235 
391, 3424 
392, 3424 
393, 3120 
394, 2530 
395, 1738 
396, 800 
397, -126 
398, -956 
399, -1660 
400, -2193 
401, -2577 
402, -2847 
403, -3026 
404, -3099 
405, -3109 
406, -3056 
407, -2966 
408, -2887 
409, -2828 
410, -2806 
411, -2770 
412, -2691 
413, -2496 
414, -2133 
415, -1608 
416, -948 
417, -247 
418, 428 
419, 981 
420, 1344 
421, 1515 
422, 1529 
423, 1451 
424, 1348 
425, 1269 
426, 1234 
427, 1244 
428, 1279 
429, 1285 
430, 1258 
431, 1200 
432, 1102 
433, 977 
434, 856 
435, 744 
436, 642 
437, 560 
438, 476 
439, 404 
440, 358 
441, 304 
442, 267 
443, 263 
444, 272 
445, 297 
446, 327 
447, 365 
448, 384 
449, 350 
450, 254 
451, 106 
452, -98 
453, -356 
454, -636 
455, -929 
456, -1198 
457, -1434 
458, -1631 
459, -1776 
460, -1879 
461, -1940 
462, -1974 
463, -1984 
464, -1972 
465, -1929 
466, -1868 
467, -1775 
468, -1633 
469, -1435 
470, -1174 
471, -843 
472, -446 
473, -13 
474, 441 
475, 892 
476, 1290 
477, 1612 
478, 1867 
479, 2028 
480, 2106 
481, 2142 
482, 2125 
483, 2092 
484, 2035 
485, 1964 
486, 1880 
487, 1749 
488, 1563 
489, 1327 
490, 1016 
491, 645 
492, 254 
493, -139 
494, -531 
495, -889 
496, -1184 
497, -1403 
498, -1558 
499, -1651 
500, -1686 
501, -1680 
502, -1637 
503, -1582 
504, -1515 
505, -1443 
506, -1366 
507, -1273 
508, -1167 
509, -1064 
510, -946 
511, -802 
512, -646 
513, -497 
514, -355 
515, -224 
516, -126 
517, -51 
518, -2 
519, 20 
520, 27 
521, 11 
522, -1 
523, -6 
524, -7 
525, 11 
526, 60 
527, 134 
528, 231 
529, 352 
530, 498 
531, 663 
532, 840 
533, 1047 
534, 1252 
535, 1449 
536, 1629 
537, 1774 
538, 1895 
539, 1957 
540, 1988 
541, 1975 
542, 1898 
543, 1765 
544, 1573 
545, 1348 
546, 1071 
547, 753 
548, 402 
549, 37 
550, -338 
551, -722 
552, -1095 
553, -1440 
554, -1730 
555, -1951 
556, -2101 
557, -2174 
558, -2191 
559, -2164 
560, -2090 
561, -1964 
562, -1793 
563, -1592 
564, -1353 
565, -1067 
566, -760 
567, -435 
568, -102 
569, 216 
570, 518 
571, 782 
572, 999 
573, 1152 
574, 1240 
575, 1271 
576, 1239 
577, 1178 
578, 1055 
579, 885 
580, 692 
581, 479 
582, 250 
583, 15 
584, -203 
585, -432 
586, -642 
587, -830 
588, -1004 
589, -1139 
590, -1242 
591, -1311 
592, -1355 
593, -1372 
594, -1343 
595, -1317 
596, -1294 
597, -1254 
598, -1193 
599, -1118 
600, -1048 
601, -998 
602, -998 
603, -1025 
604, -1063 
605, -1113 
606, -1152 
607, -1164 
608, -1176 
609, -1186 
610, -1204 
611, -1240 
612, -1262 
613, -1300 
614, -1343 
615, -1382 
616, -1407 
617, -1393 
618, -1364 
619, -1294 
620, -1176 
621, -969 
622, -590 
623, 6 
624, 811 
625, 1715 
626, 2575 
627, 3236 
628, 3605 
629, 3629 
630, 3376 
631, 3015 
632, 2670 
633, 2492 
634, 2544 
635, 2771 
636, 3053 
637, 3218 
638, 3126 
639, 2718 
640, 2037 
641, 1165 
642, 224 
643, -657 
644, -1393 
645, -1956 
646, -2334 
647, -2582 
648, -2745 
649, -2823 
650, -2826 
651, -2763 
652, -2657 
653, -2522 
654, -2414 
655, -2355 
656, -2345 
657, -2332 
658, -2253 
659, -2062 
660, -1713 
661, -1188 
662, -564 
663, 69 
664, 640 
665, 1044 
666, 1262 
667, 1291 
668, 1189 
669, 1041 
670, 898 
671, 809 
672, 787 
673, 800 
674, 833 
675, 855 
676, 858 
677, 842 
678, 807 
679, 769 
680, 744 
681, 729 
682, 726 
683, 708 
684, 686 
685, 661 
686, 625 
687, 610 
688, 594 
689, 598 
690, 611 
691, 616 
692, 629 
693, 618 
694, 562 
695, 457 
696, 307 
697, 86 
698, -199 
699, -521 
700, -858 
701, -1183 
702, -1486 
703, -1723 
704, -1889 
705, -2002 
706, -2063 
707, -2075 
708, -2059 
709, -2013 
710, -1961 
711, -1886 
712, -1781 
713, -1652 
714, -1459 
715, -1191 
716, -872 
717, -506 
718, -95 
719, 345 
720, 785 
721, 1183 
722, 1521 
723, 1770 
724, 1922 
725, 2000 
726, 2006 
727, 1951 
728, 1877 
729, 1794 
730, 1699 
731, 1614 
732, 1523 
733, 1393 
734, 1210 
735, 976 
736, 694 
737, 360 
738, 21 
739, -316 
740, -623 
741, -876 
742, -1083 
743, -1219 
744, -1291 
745, -1317 
746, -1300 
747, -1257 
748, -1209 
749, -1149 
750, -1083 
751, -1034 
752, -983 
753, -946 
754, -914 
755, -864 
756, -816 
757, -755 
758, -678 
759, -603 
760, -535 
761, -459 
762, -404 
763, -365 
764, -341 
765, -334 
766, -336 
767, -334 
768, -313 
769, -280 
770, -219 
771, -131 
772, -3 
773, 170 
774, 354 
775, 570 
776, 802 
777, 1039 
778, 1288 
779, 1510 
780, 1710 
781, 1888 
782, 2027 
783, 2119 
784, 2153 
785, 2139 
786, 2075 
787, 1950 
788, 1774 
789, 1577 
790, 1343 
791, 1087 
792, 795 
793, 448 
794, 72 
795, -337 
796, -755 
797, -1157 
798, -1506 
799, -1771 
800, -1962 
801, -2047 
802, -2073 
803, -2061 
804, -1988 
805, -1888 
806, -1773 
807, -1644 
808, -1490 
809, -1299 
810, -1073 
811, -819 
812, -551 
813, -263 
814, 21 
815, 291 
816, 539 
817, 742 
818, 892 
819, 984 
820, 1014 
821, 992 
822, 918 
823, 804 
824, 666 
825, 510 
826, 366 
827, 223 
828, 75 
829, -71 
830, -198 
831, -333 
832, -477 
833, -604 
834, -728 
835, -817 
836, -873 
837, -919 
838, -966 
839, -1019 
840, -1058 
841, -1087 
842, -1107 
843, -1125 
844, -1171 
845, -1237 
846, -1316 
847, -1396 
848, -1485 
849, -1572 
850, -1657 
851, -1759 
852, -1844 
853, -1873 
854, -1863 
855, -1835 
856, -1781 
857, -1703 
858, -1616 
859, -1524 
860, -1414 
861, -1324 
862, -1252 
863, -1147 
864, -1002 
865, -753 
866, -311 
867, 392 
868, 1349 
869, 2405 
870, 3375 
871, 4088 
872, 4416 
873, 4334 
874, 3928 
875, 3409 
876, 2929 
877, 2638 
878, 2635 
879, 2831 
880, 3091 
881, 3222 
882, 3070 
883, 2597 
884, 1808 
885, 838 
886, -157 
887, -1058 
888, -1791 
889, -2328 
890, -2655 
891, -2832 
892, -2927 
893, -2946 
894, -2881 
895, -2758 
896, -2588 
897, -2425 
898, -2293 
899, -2206 
900, -2199 
901, -2220 
902, -2196 
903, -2055 
904, -1745 
905, -1252 
906, -639 
907, -9 
908, 551 
909, 935 
910, 1087 
911, 1058 
912, 896 
913, 688 
914, 518 
915, 423 
916, 432 
917, 520 
918, 638 
919, 744 
920, 822 
921, 882 
922, 919 
923, 964 
924, 1021 
925, 1091 
926, 1171 
927, 1231 
928, 1277 
929, 1294 
930, 1266 
931, 1221 
932, 1163 
933, 1093 
934, 1014 
935, 934 
936, 840 
937, 727 
938, 588 
939, 385 
940, 140 
941, -161 
942, -520 
943, -917 
944, -1324 
945, -1704 
946, -2039 
947, -2296 
948, -2460 
949, -2537 
950, -2525 
951, -2458 
952, -2357 
953, -2216 
954, -2076 
955, -1916 
956, -1734 
957, -1530 
958, -1277 
959, -973 
960, -623 
961, -225 
962, 215 
963, 656 
964, 1085 
965, 1464 
966, 1775 
967, 1973 
968, 2079 
969, 2084 
970, 1993 
971, 1874 
972, 1736 
973, 1596 
974, 1478 
975, 1373 
976, 1282 
977, 1174 
978, 1035 
979, 859 
980, 632 
981, 367 
982, 89 
983, -188 
984, -437 
985, -637 
986, -792 
987, -891 
988, -931 
989, -942 
990, -928 
991, -884 
992, -854 
993, -827 
994, -819 
995, -846 
996, -886 
997, -947 
998, -996 
999, -1054 
1000, -1095 
1001, -1113 
1002, -1123 
1003, -1104 
1004, -1071 
1005, -1034 
1006, -988 
1007, -932 
1008, -879 
1009, -808 
1010, -741 
1011, -655 
1012, -546 
1013, -428 
1014, -275 
1015, -95 
1016, 116 
1017, 359 
1018, 612 
1019, 857 
1020, 1097 
1021, 1311 
1022, 1476 
1023, 1623 
1024, 1742 
1025, 1819 
1026, 1897 
1027, 1991 
1028, 2060 
1029, 2123 
1030, 2135 
1031, 2077 
1032, 1955 
1033, 1747 
1034, 1481 
1035, 1161 
1036, 816 
1037, 468 
1038, 122 
1039, -206 
1040, -500 
1041, -782 
1042, -1037 
1043, -1241 
1044, -1416 
1045, -1562 
1046, -1689 
1047, -1793 
1048, -1848 
1049, -1867 
1050, -1848 
1051, -1768 
1052, -1642 
1053, -1477 
1054, -1289 
1055, -1082 
1056, -856 
1057, -635 
1058, -437 
1059, -247 
1060, -71 
1061, 95 
1062, 255 
1063, 403 
1064, 521 
1065, 615 
1066, 671 
1067, 689 
1068, 697 
1069, 672 
1070, 622 
1071, 569 
1072, 511 
1073, 427 
1074, 311 
1075, 183 
1076, 33 
1077, -121 
1078, -261 
1079, -390 
1080, -514 
1081, -624 
1082, -713 
1083, -800 
1084, -879 
1085, -949 
1086, -1013 
1087, -1090 
1088, -1191 
1089, -1303 
1090, -1407 
1091, -1492 
1092, -1546 
1093, -1586 
1094, -1621 
1095, -1642 
1096, -1653 
1097, -1655 
1098, -1645 
1099, -1645 
1100, -1653 
1101, -1644 
1102, -1625 
1103, -1572 
1104, -1491 
1105, -1391 
1106, -1246 
1107, -1104 
1108, -975 
1109, -836 
1110, -697 
1111, -503 
1112, -190 
1113, 321 
1114, 1025 
1115, 1850 
1116, 2668 
1117, 3306 
1118, 3654 
1119, 3675 
1120, 3426 
1121, 3030 
1122, 2642 
1123, 2382 
1124, 2326 
1125, 2448 
1126, 2641 
1127, 2769 
1128, 2686 
1129, 2348 
1130, 1764 
1131, 1001 
1132, 183 
1133, -561 
1134, -1188 
1135, -1674 
1136, -1975 
1137, -2146 
1138, -2244 
1139, -2278 
1140, -2274 
1141, -2222 
1142, -2127 
1143, -2026 
1144, -1953 
1145, -1943 
1146, -1982 
1147, -2028 
1148, -2060 
1149, -2002 
1150, -1788 
1151, -1426 
1152, -966 
1153, -444 
1154, 22 
1155, 360 
1156, 538 
1157, 548 
1158, 441 
1159, 292 
1160, 173 
1161, 116 
1162, 162 
1163, 280 
1164, 435 
1165, 599 
1166, 737 
1167, 864 
1168, 950 
1169, 1024 
1170, 1087 
1171, 1158 
1172, 1231 
1173, 1275 
1174, 1316 
1175, 1324 
1176, 1304 
1177, 1247 
1178, 1194 
1179, 1142 
1180, 1060 
1181, 970 
1182, 854 
1183, 722 
1184, 563 
1185, 349 
1186, 94 
1187, -197 
1188, -510 
1189, -840 
1190, -1180 
1191, -1491 
1192, -1764 
1193, -1978 
1194, -2120 
1195, -2203 
1196, -2212 
1197, -2171 
1198, -2104 
1199, -2006 
1200, -1891 
1201, -1767 
1202, -1615 
1203, -1434 
1204, -1215 
1205, -951 
1206, -661 
1207, -326 
1208, 30 
1209, 374 
1210, 708 
1211, 1004 
1212, 1252 
1213, 1420 
1214, 1511 
1215, 1532 
1216, 1488 
1217, 1421 
1218, 1334 
1219, 1254 
1220, 1199 
1221, 1158 
1222, 1125 
1223, 1068 
1224, 992 
1225, 887 
1226, 735 
1227, 550 
1228, 342 
1229, 136 
1230, -54 
1231, -216 
1232, -351 
1233, -436 
1234, -485 
1235, -510 
1236, -535 
1237, -548 
1238, -558 
1239, -600 
1240, -641 
1241, -716 
1242, -796 
1243, -884 
1244, -985 
1245, -1055 
1246, -1109 
1247, -1164 
1248, -1197 
1249, -1208 
1250, -1199 
1251, -1173 
1252, -1140 
1253, -1091 
1254, -1014 
1255, -936 
1256, -857 
1257, -759 
1258, -649 
1259, -501 
1260, -341 
1261, -155 
1262, 70 
1263, 301 
1264, 532 
1265, 775 
1266, 1002 
1267, 1211 
1268, 1409 
1269, 1580 
1270, 1765 
1271, 1938 
1272, 2074 
1273, 2187 
1274, 2248 
1275, 2225 
1276, 2116 
1277, 1938 
1278, 1696 
1279, 1450 
1280, 1216 
1281, 982 
1282, 773 
1283, 531 
1284, 257 
1285, -46 
1286, -405 
1287, -751 
1288, -1072 
1289, -1346 
1290, -1545 
1291, -1668 
1292, -1731 
1293, -1740 
1294, -1691 
1295, -1636 
1296, -1568 
1297, -1492 
1298, -1426 
1299, -1343 
1300, -1244 
1301, -1114 
1302, -963 
1303, -785 
1304, -581 
1305, -390 
1306, -201 
1307, -31 
1308, 118 
1309, 263 
1310, 361 
1311, 430 
1312, 468 
1313, 476 
1314, 475 
1315, 448 
1316, 416 
1317, 391 
1318, 357 
1319, 324 
1320, 266 
1321, 176 
1322, 87 
1323, -21 
1324, -135 
1325, -236 
1326, -315 
1327, -400 
1328, -479 
1329, -561 
1330, -673 
1331, -806 
1332, -933 
1333, -1053 
1334, -1160 
1335, -1239 
1336, -1315 
1337, -1391 
1338, -1482 
1339, -1588 
1340, -1681 
1341, -1776 
1342, -1871 
1343, -1929 
1344, -1958 
1345, -1971 
1346, -1936 
1347, -1857 
1348, -1744 
1349, -1596 
1350, -1441 
1351, -1281 
1352, -1142 
1353, -1010 
1354, -875 
1355, -753 
1356, -548 
1357, -147 
1358, 489 
1359, 1306 
1360, 2208 
1361, 3032 
1362, 3595 
1363, 3823 
1364, 3709 
1365, 3339 
1366, 2866 
1367, 2457 
1368, 2240 
1369, 2255 
1370, 2444 
1371, 2654 
1372, 2733 
1373, 2567 
1374, 2124 
1375, 1474 
1376, 710 
1377, -44 
1378, -719 
1379, -1257 
1380, -1613 
1381, -1815 
1382, -1922 
1383, -1983 
1384, -1985 
1385, -1932 
1386, -1830 
1387, -1715 
1388, -1644 
1389, -1618 
1390, -1660 
1391, -1780 
1392, -1898 
1393, -1963 
1394, -1920 
1395, -1719 
1396, -1382 
1397, -963 
1398, -524 
1399, -160 
1400, 42 
1401, 93 
1402, 19 
1403, -141 
1404, -292 
1405, -377 
1406, -371 
1407, -261 
1408, -78 
1409, 158 
1410, 389 
1411, 588 
1412, 778 
1413, 935 
1414, 1083 
1415, 1237 
1416, 1376 
1417, 1500 
1418, 1605 
1419, 1678 
1420, 1723 
1421, 1724 
1422, 1678 
1423, 1602 
1424, 1500 
1425, 1360 
1426, 1187 
1427, 1002 
1428, 807 
1429, 582 
1430, 323 
1431, 46 
1432, -271 
1433, -617 
1434, -970 
1435, -1330 
1436, -1648 
1437, -1910 
1438, -2100 
1439, -2194 
1440, -2221 
1441, -2187 
1442, -2108 
1443, -1997 
1444, -1875 
1445, -1743 
1446, -1595 
1447, -1445 
1448, -1269 
1449, -1053 
1450, -814 
1451, -549 
1452, -269 
1453, 24 
1454, 326 
1455, 593 
1456, 827 
1457, 997 
1458, 1114 
1459, 1156 
1460, 1108 
1461, 1042 
1462, 951 
1463, 868 
1464, 817 
1465, 805 
1466, 839 
1467, 884 
1468, 919 
1469, 928 
1470, 902 
1471, 837 
1472, 728 
1473, 594 
1474, 470 
1475, 364 
1476, 274 
1477, 194 
1478, 139 
1479, 94 
1480, 52 
1481, 4 
1482, -57 
1483, -134 
1484, -239 
1485, -366 
1486, -521 
1487, -704 
1488, -884 
1489, -1058 
1490, -1216 
1491, -1346 
1492, -1443 
1493, -1497 
1494, -1527 
1495, -1538 
1496, -1517 
1497, -1479 
1498, -1420 
1499, -1328 
1500, -1215 
1501, -1068 
1502, -907 
1503, -722 
1504, -522 
1505, -313 
1506, -87 
1507, 147 
1508, 391 
1509, 634 
1510, 884 
1511, 1100 
1512, 1278 
1513, 1443 
1514, 1541 
1515, 1593 
1516, 1651 
1517, 1729 
1518, 1821 
1519, 1901 
1520, 1952 
1521, 1924 
1522, 1828 
1523, 1673 
1524, 1487 
1525, 1276 
1526, 1062 
1527, 848 
1528, 616 
1529, 395 
1530, 199 
1531, -9 
1532, -223 
1533, -425 
1534, -619 
1535, -803 
1536, -979 
1537, -1134 
1538, -1273 
1539, -1372 
1540, -1420 
1541, -1448 
1542, -1448 
1543, -1430 
1544, -1409 
1545, -1362 
1546, -1306 
1547, -1232 
1548, -1146 
1549, -1046 
1550, -925 
1551, -790 
1552, -633 
1553, -466 
1554, -297 
1555, -130 
1556, 16 
1557, 158 
1558, 269 
1559, 349 
1560, 418 
1561, 463 
1562, 512 
1563, 537 
1564, 540 
1565, 521 
1566, 465 
1567, 392 
1568, 305 
1569, 189 
1570, 71 
1571, -29 
1572, -145 
1573, -268 
1574, -393 
1575, -531 
1576, -670 
1577, -807 
1578, -950 
1579, -1087 
1580, -1220 
1581, -1349 
1582, -1461 
1583, -1550 
1584, -1643 
1585, -1717 
1586, -1761 
1587, -1790 
1588, -1794 
1589, -1800 
1590, -1787 
1591, -1755 
1592, -1708 
1593, -1629 
1594, -1511 
1595, -1370 
1596, -1235 
1597, -1089 
1598, -958 
1599, -844 
1600, -739 
1601, -620 
1602, -446 
1603, -152 
1604, 367 
1605, 1085 
1606, 1884 
1607, 2613 
1608, 3154 
1609, 3396 
1610, 3281 
1611, 2943 
1612, 2518 
1613, 2121 
1614, 1901 
1615, 1918 
1616, 2118 
1617, 2369 
1618, 2528 
1619, 2468 
1620, 2143 
1621, 1588 
1622, 914 
1623, 225 
1624, -378 
1625, -859 
1626, -1192 
1627, -1375 
1628, -1455 
1629, -1487 
1630, -1497 
1631, -1475 
1632, -1426 
1633, -1367 
1634, -1354 
1635, -1404 
1636, -1528 
1637, -1706 
1638, -1889 
1639, -2016 
1640, -2024 
1641, -1875 
1642, -1592 
1643, -1216 
1644, -798 
1645, -467 
1646, -258 
1647, -186 
1648, -257 
1649, -384 
1650, -500 
1651, -549 
1652, -511 
1653, -376 
1654, -171 
1655, 73 
1656, 324 
1657, 544 
1658, 757 
1659, 937 
1660, 1108 
1661, 1264 
1662, 1391 
1663, 1510 
1664, 1586 
1665, 1634 
1666, 1654 
1667, 1632 
1668, 1590 
1669, 1514 
1670, 1422 
1671, 1308 
1672, 1148 
1673, 971 
1674, 772 
1675, 558 
1676, 329 
1677, 76 
1678, -187 
1679, -485 
1680, -788 
1681, -1072 
1682, -1350 
1683, -1582 
1684, -1752 
1685, -1840 
1686, -1856 
1687, -1836 
1688, -1776 
1689, -1695 
1690, -1617 
1691, -1541 
1692, -1459 
1693, -1372 
1694, -1254 
1695, -1099 
1696, -915 
1697, -703 
1698, -478 
1699, -232 
1700, 11 
1701, 233 
1702, 426 
1703, 566 
1704, 672 
1705, 713 
1706, 701 
1707, 669 
1708, 613 
1709, 572 
1710, 578 
1711, 623 
1712, 704 
1713, 822 
1714, 927 
1715, 1000 
1716, 1025 
1717, 1005 
1718, 927 
1719, 817 
1720, 712 
1721, 604 
1722, 518 
1723, 450 
1724, 380 
1725, 333 
1726, 277 
1727, 181 
1728, 87 
1729, -14 
1730, -153 
1731, -309 
1732, -473 
1733, -652 
1734, -831 
1735, -1019 
1736, -1178 
1737, -1303 
1738, -1407 
1739, -1463 
1740, -1483 
1741, -1477 
1742, -1443 
1743, -1390 
1744, -1322 
1745, -1260 
1746, -1169 
1747, -1054 
1748, -928 
1749, -772 
1750, -596 
1751, -403 
1752, -197 
1753, 14 
1754, 233 
1755, 454 
1756, 646 
1757, 828 
1758, 981 
1759, 1088 
1760, 1179 
1761, 1253 
1762, 1355 
1763, 1490 
1764, 1617 
1765, 1735 
1766, 1818 
1767, 1845 
1768, 1798 
1769, 1707 
1770, 1601 
1771, 1471 
1772, 1314 
1773, 1145 
1774, 958 
1775, 751 
1776, 530 
1777, 295 
1778, 71 
1779, -160 
1780, -380 
1781, -590 
1782, -813 
1783, -1011 
1784, -1182 
1785, -1321 
1786, -1428 
1787, -1503 
1788, -1563 
1789, -1597 
1790, -1601 
1791, -1574 
1792, -1535 
1793, -1470 
1794, -1371 
1795, -1249 
1796, -1110 
1797, -954 
1798, -790 
1799, -623 
1800, -435 
1801, -269 
1802, -117 
1803, 35 
1804, 145 
1805, 239 
1806, 329 
1807, 399 
1808, 450 
1809, 479 
1810, 482 
1811, 438 
1812, 372 
1813, 298 
1814, 204 
1815, 113 
1816, 18 
1817, -75 
1818, -160 
1819, -263 
1820, -364 
1821, -455 
1822, -545 
1823, -648 
1824, -763 
1825, -894 
1826, -1029 
1827, -1142 
1828, -1234 
1829, -1304 
1830, -1379 
1831, -1459 
1832, -1536 
1833, -1631 
1834, -1718 
1835, -1754 
1836, -1771 
1837, -1746 
1838, -1683 
1839, -1585 
1840, -1439 
1841, -1303 
1842, -1175 
1843, -1063 
1844, -973 
1845, -893 
1846, -781 
1847, -577 
1848, -227 
1849, 320 
1850, 1022 
1851, 1772 
1852, 2444 
1853, 2890 
1854, 3041 
1855, 2914 
1856, 2597 
1857, 2227 
1858, 1925 
1859, 1790 
1860, 1834 
1861, 2009 
1862, 2191 
1863, 2249 
1864, 2126 
1865, 1788 
1866, 1279 
1867, 707 
1868, 156 
1869, -316 
1870, -679 
1871, -932 
1872, -1079 
1873, -1145 
1874, -1164 
1875, -1148 
1876, -1087 
1877, -1001 
1878, -927 
1879, -913 
1880, -971 
1881, -1110 
1882, -1314 
1883, -1527 
1884, -1686 
1885, -1729 
1886, -1641 
1887, -1429 
1888, -1135 
1889, -846 
1890, -608 
1891, -506 
1892, -531 
1893, -625 
1894, -772 
1895, -888 
1896, -926 
1897, -874 
1898, -718 
1899, -501 
1900, -253 
1901, 16 
1902, 272 
1903, 512 
1904, 738 
1905, 955 
1906, 1135 
1907, 1294 
1908, 1424 
1909, 1529 
1910, 1603 
1911, 1638 
1912, 1653 
1913, 1623 
1914, 1552 
1915, 1453 
1916, 1329 
1917, 1165 
1918, 978 
1919, 775 
1920, 553 
1921, 339 
1922, 111 
1923, -132 
1924, -392 
1925, -659 
1926, -919 
1927, -1146 
1928, -1321 
1929, -1438 
1930, -1490 
1931, -1482 
1932, -1441 
1933, -1378 
1934, -1316 
1935, -1266 
1936, -1217 
1937, -1170 
1938, -1118 
1939, -1035 
1940, -934 
1941, -814 
1942, -678 
1943, -525 
1944, -374 
1945, -234 
1946, -99 
1947, 9 
1948, 92 
1949, 143 
1950, 159 
1951, 146 
1952, 114 
1953, 80 
1954, 87 
1955, 133 
1956, 217 
1957, 355 
1958, 512 
1959, 676 
1960, 818 
1961, 908 
1962, 966 
1963, 977 
1964, 945 
1965, 899 
1966, 839 
1967, 791 
1968, 740 
1969, 698 
1970, 648 
1971, 573 
1972, 475 
1973, 355 
1974, 216 
1975, 47 
1976, -136 
1977, -335 
1978, -535 
1979, -722 
1980, -894 
1981, -1061 
1982, -1183 
1983, -1262 
1984, -1319 
1985, -1341 
1986, -1346 
1987, -1316 
1988, -1264 
1989, -1199 
1990, -1123 
1991, -1037 
1992, -931 
1993, -814 
1994, -687 
1995, -554 
1996, -420 
1997, -259 
1998, -106 
1999, 44 
2000, 195 
2001, 339 
2002, 465 
2003, 576 
2004, 672 
2005, 767 
2006, 864 
2007, 970 
2008, 1097 
2009, 1233 
2010, 1355 
2011, 1440 
2012, 1487 
2013, 1489 
2014, 1474 
2015, 1446 
2016, 1398 
2017, 1349 
2018, 1289 
2019, 1197 
2020, 1060 
2021, 889 
2022, 696 
2023, 476 
2024, 253 
2025, 34 
2026, -193 
2027, -403 
2028, -590 
2029, -774 
2030, -926 
2031, -1048 
2032, -1175 
2033, -1288 
2034, -1386 
2035, -1462 
2036, -1509 
2037, -1529 
2038, -1518 
2039, -1473 
2040, -1394 
2041, -1281 
2042, -1148 
2043, -994 
2044, -833 
2045, -687 
2046, -540 
2047, -394 
2048, -277 
2049, -178 
2050, -96 
2051, -16 
2052, 62 
2053, 126 
2054, 173 
2055, 198 
2056, 203 
2057, 187 
2058, 147 
2059, 88 
2060, 31 
2061, -31 
2062, -79 
2063, -126 
2064, -173 
2065, -232 
2066, -302 
2067, -374 
2068, -473 
2069, -588 
2070, -681 
2071, -787 
2072, -899 
2073, -998 
2074, -1105 
2075, -1216 
2076, -1358 
2077, -1488 
2078, -1597 
2079, -1696 
2080, -1748 
2081, -1743 
2082, -1675 
2083, -1567 
2084, -1436 
2085, -1305 
2086, -1191 
2087, -1124 
2088, -1079 
2089, -1023 
2090, -957 
2091, -808 
2092, -496 
2093, 11 
2094, 698 
2095, 1468 
2096, 2163 
2097, 2652 
2098, 2854 
2099, 2755 
2100, 2441 
2101, 2047 
2102, 1717 
2103, 1530 
2104, 1546 
2105, 1718 
2106, 1945 
2107, 2073 
2108, 2004 
2109, 1741 
2110, 1319 
2111, 808 
2112, 282 
2113, -174 
2114, -519 
2115, -755 
2116, -869 
2117, -896 
2118, -881 
2119, -823 
2120, -730 
2121, -621 
2122, -526 
2123, -492 
2124, -553 
2125, -713 
2126, -950 
2127, -1214 
2128, -1428 
2129, -1552 
2130, -1553 
2131, -1422 
2132, -1198 
2133, -956 
2134, -771 
2135, -690 
2136, -717 
2137, -824 
2138, -972 
2139, -1105 
2140, -1165 
2141, -1149 
2142, -1038 
2143, -836 
2144, -595 
2145, -316 
2146, -20 
2147, 270 
2148, 536 
2149, 784 
2150, 1010 
2151, 1194 
2152, 1347 
2153, 1443 
2154, 1510 
2155, 1561 
2156, 1582 
2157, 1585 
2158, 1529 
2159, 1449 
2160, 1340 
2161, 1175 
2162, 1005 
2163, 808 
2164, 594 
2165, 390 
2166, 190 
2167, -13 
2168, -225 
2169, -438 
2170, -653 
2171, -852 
2172, -1019 
2173, -1125 
2174, -1165 
2175, -1152 
2176, -1094 
2177, -1015 
2178, -949 
2179, -908 
2180, -887 
2181, -892 
2182, -907 
2183, -904 
2184, -877 
2185, -817 
2186, -737 
2187, -646 
2188, -541 
2189, -439 
2190, -353 
2191, -288 
2192, -248 
2193, -229 
2194, -231 
2195, -256 
2196, -287 
2197, -293 
2198, -264 
2199, -197 
2200, -78 
2201, 86 
2202, 282 
2203, 481 
2204, 678 
2205, 843 
2206, 951 
2207, 1010 
2208, 1023 
2209, 1003 
2210, 963 
2211, 925 
2212, 885 
2213, 839 
2214, 789 
2215, 730 
2216, 642 
2217, 519 
2218, 376 
2219, 208 
2220, 9 
2221, -183 
2222, -374 
2223, -560 
2224, -709 
2225, -854 
2226, -970 
2227, -1042 
2228, -1092 
2229, -1120 
2230, -1123 
2231, -1092 
2232, -1048 
2233, -997 
2234, -945 
2235, -877 
2236, -803 
2237, -739 
2238, -658 
2239, -581 
2240, -501 
2241, -396 
2242, -309 
2243, -205 
2244, -99 
2245, -19 
2246, 48 
2247, 93 
2248, 133 
2249, 193 
2250, 278 
2251, 393 
2252, 528 
2253, 676 
2254, 818 
2255, 961 
2256, 1117 
2257, 1277 
2258, 1416 
2259, 1528 
2260, 1595 
2261, 1610 
2262, 1573 
2263, 1498 
2264, 1388 
2265, 1251 
2266, 1109 
2267, 965 
2268, 803 
2269, 615 
2270, 388 
2271, 138 
2272, -119 
2273, -383 
2274, -621 
2275, -822 
2276, -1003 
2277, -1149 
2278, -1262 
2279, -1350 
2280, -1406 
2281, -1442 
2282, -1446 
2283, -1429 
2284, -1396 
2285, -1323 
2286, -1228 
2287, -1128 
2288, -1001 
2289, -865 
2290, -724 
2291, -610 
2292, -514 
2293, -420 
2294, -349 
2295, -278 
2296, -223 
2297, -185 
2298, -149 
2299, -143 
2300, -149 
2301, -150 
2302, -164 
2303, -175 
2304, -209 
2305, -242 
2306, -243 
2307, -249 
2308, -248 
2309, -240 
2310, -246 
2311, -249 
2312, -267 
2313, -307 
2314, -362 
2315, -429 
2316, -493 
2317, -570 
2318, -654 
2319, -762 
2320, -908 
2321, -1079 
2322, -1237 
2323, -1367 
2324, -1439 
2325, -1464 
2326, -1447 
2327, -1394 
2328, -1344 
2329, -1283 
2330, -1216 
2331, -1172 
2332, -1159 
2333, -1146 
2334, -1093 
2335, -984 
2336, -778 
2337, -433 
2338, 102 
2339, 783 
2340, 1506 
2341, 2147 
2342, 2539 
2343, 2630 
2344, 2457 
2345, 2102 
2346, 1709 
2347, 1417 
2348, 1297 
2349, 1351 
2350, 1554 
2351, 1769 
2352, 1849 
2353, 1736 
2354, 1409 
2355, 928 
2356, 399 
2357, -74 
2358, -436 
2359, -674 
2360, -794 
2361, -805 
2362, -733 
2363, -642 
2364, -543 
2365, -417 
2366, -295 
2367, -201 
2368, -187 
2369, -270 
2370, -440 
2371, -686 
2372, -938 
2373, -1145 
2374, -1250 
2375, -1233 
2376, -1128 
2377, -956 
2378, -781 
2379, -687 
2380, -699 
2381, -814 
2382, -985 
2383, -1160 
2384, -1281 
2385, -1311 
2386, -1240 
2387, -1087 
2388, -880 
2389, -633 
2390, -383 
2391, -127 
2392, 124 
2393, 368 
2394, 615 
2395, 846 
2396, 1048 
2397, 1207 
2398, 1318 
2399, 1397 
2400, 1442 
2401, 1452 
2402, 1422 
2403, 1357 
2404, 1269 
2405, 1125 
2406, 955 
2407, 774 
2408, 580 
2409, 410 
2410, 251 
2411, 91 
2412, -55 
2413, -199 
2414, -360 
2415, -516 
2416, -664 
2417, -775 
2418, -822 
2419, -818 
2420, -773 
2421, -695 
2422, -597 
2423, -538 
2424, -517 
2425, -534 
2426, -575 
2427, -622 
2428, -665 
2429, -678 
2430, -682 
2431, -659 
2432, -615 
2433, -576 
2434, -538 
2435, -515 
2436, -508 
2437, -508 
2438, -528 
2439, -538 
2440, -561 
2441, -570 
2442, -544 
2443, -485 
2444, -386 
2445, -248 
2446, -55 
2447, 160 
2448, 384 
2449, 589 
2450, 742 
2451, 858 
2452, 931 
2453, 958 
2454, 960 
2455, 941 
2456, 911 
2457, 870 
2458, 815 
2459, 741 
2460, 656 
2461, 544 
2462, 413 
2463, 259 
2464, 86 
2465, -68 
2466, -230 
2467, -378 
2468, -502 
2469, -598 
2470, -677 
2471, -733 
2472, -761 
2473, -784 
2474, -782 
2475, -773 
2476, -758 
2477, -722 
2478, -673 
2479, -623 
2480, -565 
2481, -517 
2482, -483 
2483, -457 
2484, -446 
2485, -441 
2486, -422 
2487, -395 
2488, -360 
2489, -326 
2490, -276 
2491, -218 
2492, -179 
2493, -138 
2494, -98 
2495, -42 
2496, 45 
2497, 164 
2498, 334 
2499, 543 
2500, 768 
2501, 1018 
2502, 1243 
2503, 1394 
2504, 1469 
2505, 1480 
2506, 1455 
2507, 1405 
2508, 1365 
2509, 1335 
2510, 1290 
2511, 1224 
2512, 1113 
2513, 960 
2514, 735 
2515, 480 
2516, 204 
2517, -77 
2518, -319 
2519, -520 
2520, -689 
2521, -837 
2522, -957 
2523, -1042 
2524, -1099 
2525, -1130 
2526, -1154 
2527, -1184 
2528, -1197 
2529, -1189 
2530, -1151 
2531, -1102 
2532, -1037 
2533, -942 
2534, -853 
2535, -757 
2536, -680 
2537, -623 
2538, -579 
2539, -559 
2540, -546 
2541, -535 
2542, -533 
2543, -525 
2544, -522 
2545, -508 
2546, -481 
2547, -477 
2548, -472 
2549, -477 
2550, -460 
2551, -427 
2552, -375 
2553, -308 
2554, -258 
2555, -188 
2556, -138 
2557, -141 
2558, -166 
2559, -210 
2560, -288 
2561, -387 
2562, -484 
2563, -587 
2564, -687 
2565, -793 
2566, -926 
2567, -1060 
2568, -1179 
2569, -1283 
2570, -1348 
2571, -1363 
2572, -1331 
2573, -1247 
2574, -1160 
2575, -1087 
2576, -1025 
2577, -975 
2578, -916 
2579, -804 
2580, -616 
2581, -291 
2582, 219 
2583, 856 
2584, 1534 
2585, 2117 
2586, 2469 
2587, 2556 
2588, 2370 
2589, 1999 
2590, 1598 
2591, 1276 
2592, 1140 
2593, 1165 
2594, 1301 
2595, 1470 
2596, 1526 
2597, 1387 
2598, 1057 
2599, 599 
2600, 114 
2601, -301 
2602, -616 
2603, -791 
2604, -828 
2605, -774 
2606, -657 
2607, -516 
2608, -376 
2609, -215 
2610, -61 
2611, 36 
2612, 66 
2613, -4 
2614, -192 
2615, -452 
2616, -722 
2617, -938 
2618, -1067 
2619, -1083 
2620, -1012 
2621, -882 
2622, -760 
2623, -715 
2624, -763 
2625, -895 
2626, -1085 
2627, -1259 
2628, -1380 
2629, -1413 
2630, -1333 
2631, -1161 
2632, -924 
2633, -646 
2634, -355 
2635, -64 
2636, 214 
2637, 451 
2638, 686 
2639, 890 
2640, 1057 
2641, 1174 
2642, 1243 
2643, 1295 
2644, 1310 
2645, 1295 
2646, 1248 
2647, 1176 
2648, 1067 
2649, 919 
2650, 748 
2651, 551 
2652, 374 
2653, 217 
2654, 63 
2655, -60 
2656, -155 
2657, -251 
2658, -347 
2659, -450 
2660, -528 
2661, -564 
2662, -553 
2663, -497 
2664, -410 
2665, -312 
2666, -240 
2667, -196 
2668, -204 
2669, -262 
2670, -349 
2671, -443 
2672, -535 
2673, -604 
2674, -644 
2675, -671 
2676, -675 
2677, -670 
2678, -674 
2679, -676 
2680, -691 
2681, -716 
2682, -731 
2683, -766 
2684, -766 
2685, -752 
2686, -709 
2687, -603 
2688, -458 
2689, -267 
2690, -54 
2691, 193 
2692, 430 
2693, 627 
2694, 772 
2695, 870 
2696, 920 
2697, 923 
2698, 891 
2699, 842 
2700, 799 
2701, 743 
2702, 678 
2703, 607 
2704, 521 
2705, 418 
2706, 293 
2707, 148 
2708, 2 
2709, -145 
2710, -278 
2711, -398 
2712, -485 
2713, -523 
2714, -544 
2715, -533 
2716, -498 
2717, -466 
2718, -424 
2719, -393 
2720, -370 
2721, -353 
2722, -343 
2723, -327 
2724, -327 
2725, -330 
2726, -349 
2727, -372 
2728, -404 
2729, -452 
2730, -484 
2731, -514 
2732, -528 
2733, -528 
2734, -527 
2735, -514 
2736, -510 
2737, -501 
2738, -439 
2739, -322 
2740, -165 
2741, 23 
2742, 229 
2743, 433 
2744, 635 
2745, 847 
2746, 1079 
2747, 1281 
2748, 1437 
2749, 1554 
2750, 1607 
2751, 1591 
2752, 1525 
2753, 1427 
2754, 1289 
2755, 1144 
2756, 1009 
2757, 860 
2758, 701 
2759, 507 
2760, 292 
2761, 72 
2762, -159 
2763, -365 
2764, -549 
2765, -695 
2766, -793 
2767, -847 
2768, -869 
2769, -863 
2770, -849 
2771, -837 
2772, -812 
2773, -793 
2774, -787 
2775, -782 
2776, -779 
2777, -786 
2778, -782 
2779, -771 
2780, -762 
2781, -761 
2782, -775 
2783, -797 
2784, -811 
2785, -852 
2786, -892 
2787, -914 
2788, -929 
2789, -918 
2790, -890 
2791, -844 
2792, -768 
2793, -691 
2794, -626 
2795, -538 
2796, -437 
2797, -347 
2798, -248 
2799, -152 
2800, -57 
2801, -11 
2802, -13 
2803, -39 
2804, -100 
2805, -196 
2806, -313 
2807, -442 
2808, -594 
2809, -760 
2810, -898 
2811, -999 
2812, -1085 
2813, -1140 
2814, -1160 
2815, -1163 
2816, -1168 
2817, -1145 
2818, -1088 
2819, -1015 
2820, -931 
2821, -829 
2822, -691 
2823, -537 
2824, -356 
2825, -103 
2826, 273 
2827, 803 
2828, 1422 
2829, 2005 
2830, 2418 
2831, 2576 
2832, 2430 
2833, 2052 
2834, 1591 
2835, 1149 
2836, 840 
2837, 746 
2838, 840 
2839, 1027 
2840, 1159 
2841, 1119 
2842, 875 
2843, 469 
2844, 4 
2845, -416 
2846, -711 
2847, -838 
2848, -831 
2849, -710 
2850, -512 
2851, -304 
2852, -127 
2853, 23 
2854, 170 
2855, 282 
2856, 307 
2857, 216 
2858, 31 
2859, -253 
2860, -574 
2861, -863 
2862, -1060 
2863, -1141 
2864, -1126 
2865, -1025 
2866, -914 
2867, -838 
2868, -852 
2869, -963 
2870, -1112 
2871, -1268 
2872, -1382 
2873, -1399 
2874, -1304 
2875, -1108 
2876, -849 
2877, -561 
2878, -253 
2879, 40 
2880, 303 
2881, 548 
2882, 758 
2883, 941 
2884, 1081 
2885, 1153 
2886, 1182 
2887, 1172 
2888, 1130 
2889, 1076 
2890, 1005 
2891, 904 
2892, 788 
2893, 648 
2894, 476 
2895, 312 
2896, 151 
2897, 12 
2898, -65 
2899, -119 
2900, -148 
2901, -152 
2902, -169 
2903, -188 
2904, -231 
2905, -244 
2906, -211 
2907, -160 
2908, -79 
2909, 5 
2910, 72 
2911, 91 
2912, 30 
2913, -77 
2914, -218 
2915, -375 
2916, -538 
2917, -671 
2918, -766 
2919, -831 
2920, -861 
2921, -872 
2922, -860 
2923, -850 
2924, -854 
2925, -848 
2926, -833 
2927, -825 
2928, -805 
2929, -757 
2930, -682 
2931, -562 
2932, -403 
2933, -203 
2934, 29 
2935, 266 
2936, 486 
2937, 668 
2938, 799 
2939, 865 
2940, 863 
2941, 822 
2942, 752 
2943, 658 
2944, 571 
2945, 489 
2946, 415 
2947, 343 
2948, 264 
2949, 182 
2950, 100 
2951, 14 
2952, -85 
2953, -168 
2954, -239 
2955, -282 
2956, -300 
2957, -289 
2958, -244 
2959, -189 
2960, -120 
2961, -66 
2962, -24 
2963, 5 
2964, -9 
2965, -54 
2966, -100 
2967, -149 
2968, -211 
2969, -275 
2970, -341 
2971, -406 
2972, -491 
2973, -573 
2974, -631 
2975, -687 
2976, -723 
2977, -733 
2978, -717 
2979, -683 
2980, -636 
2981, -553 
2982, -442 
2983, -303 
2984, -151 
2985, 14 
2986, 212 
2987, 423 
2988, 661 
2989, 919 
2990, 1145 
2991, 1309 
2992, 1396 
2993, 1402 
2994, 1358 
2995, 1275 
2996, 1159 
2997, 1050 
2998, 943 
2999, 845 
3000, 733 
3001, 607 
3002, 471 
3003, 313 
3004, 159 
3005, 18 
3006, -108 
3007, -213 
3008, -295 
3009, -332 
3010, -347 
3011, -348 
3012, -351 
3013, -353 
3014, -359 
3015, -379 
3016, -402 
3017, -444 
3018, -505 
3019, -586 
3020, -670 
3021, -746 
3022, -821 
3023, -887 
3024, -956 
3025, -1011 
3026, -1056 
3027, -1118 
3028, -1163 
3029, -1191 
3030, -1210 
3031, -1202 
3032, -1163 
3033, -1099 
3034, -1016 
3035, -917 
3036, -803 
3037, -694 
3038, -586 
3039, -467 
3040, -366 
3041, -261 
3042, -163 
3043, -82 
3044, -11 
3045, 12 
3046, -8 
3047, -72 
3048, -185 
3049, -323 
3050, -476 
3051, -632 
3052, -765 
3053, -889 
3054, -976 
3055, -1024 
3056, -1054 
3057, -1042 
3058, -1033 
3059, -1022 
3060, -992 
3061, -950 
3062, -879 
3063, -787 
3064, -683 
3065, -559 
3066, -442 
3067, -309 
3068, -125 
3069, 104 
3070, 450 
3071, 942 
3072, 1508 
3073, 1998 
3074, 2316 
3075, 2392 
3076, 2163 
3077, 1734 
3078, 1267 
3079, 849 
3080, 597 
3081, 558 
3082, 696 
3083, 897 
3084, 1035 
3085, 1002 
3086, 755 
3087, 351 
3088, -91 
3089, -436 
3090, -653 
3091, -721 
3092, -620 
3093, -423 
3094, -190 
3095, 36 
3096, 204 
3097, 313 
3098, 381 
3099, 400 
3100, 331 
3101, 143 
3102, -137 
3103, -468 
3104, -804 
3105, -1094 
3106, -1266 
3107, -1305 
3108, -1261 
3109, -1152 
3110, -1030 
3111, -959 
3112, -961 
3113, -1041 
3114, -1156 
3115, -1257 
3116, -1289 
3117, -1247 
3118, -1111 
3119, -890 
3120, -619 
3121, -334 
3122, -54 
3123, 222 
3124, 459 
3125, 652 
3126, 803 
3127, 919 
3128, 982 
3129, 991 
3130, 958 
3131, 901 
3132, 845 
3133, 776 
3134, 707 
3135, 629 
3136, 527 
3137, 405 
3138, 274 
3139, 147 
3140, 34 
3141, -25 
3142, -33 
3143, 0 
3144, 44 
3145, 93 
3146, 125 
3147, 130 
3148, 134 
3149, 124 
3150, 149 
3151, 195 
3152, 229 
3153, 262 
3154, 244 
3155, 168 
3156, 30 
3157, -167 
3158, -385 
3159, -602 
3160, -772 
3161, -911 
3162, -1002 
3163, -1024 
3164, -1033 
3165, -1010 
3166, -969 
3167, -929 
3168, -880 
3169, -839 
3170, -798 
3171, -756 
3172, -708 
3173, -644 
3174, -542 
3175, -412 
3176, -246 
3177, -50 
3178, 150 
3179, 348 
3180, 507 
3181, 620 
3182, 674 
3183, 670 
3184, 607 
3185, 529 
3186, 432 
3187, 334 
3188, 271 
3189, 204 
3190, 157 
3191, 133 
3192, 100 
3193, 77 
3194, 52 
3195, 17 
3196, 7 
3197, -10 
3198, -20 
3199, -1 
3200, 24 
3201, 78 
3202, 141 
3203, 206 
3204, 260 
3205, 294 
3206, 285 
3207, 229 
3208, 146 
3209, 30 
3210, -98 
3211, -217 
3212, -337 
3213, -436 
3214, -523 
3215, -613 
3216, -682 
3217, -749 
3218, -797 
3219, -816 
3220, -807 
3221, -786 
3222, -744 
3223, -682 
3224, -625 
3225, -544 
3226, -429 
3227, -260 
3228, -45 
3229, 180 
3230, 394 
3231, 580 
3232, 717 
3233, 838 
3234, 938 
3235, 1014 
3236, 1064 
3237, 1059 
3238, 1016 
3239, 948 
3240, 853 
3241, 751 
3242, 643 
3243, 535 
3244, 447 
3245, 373 
3246, 310 
3247, 248 
3248, 195 
3249, 156 
3250, 129 
3251, 122 
3252, 113 
3253, 113 
3254, 111 
3255, 109 
3256, 99 
3257, 68 
3258, 7 
3259, -69 
3260, -154 
3261, -265 
3262, -396 
3263, -539 
3264, -685 
3265, -819 
3266, -960 
3267, -1068 
3268, -1135 
3269, -1201 
3270, -1252 
3271, -1279 
3272, -1276 
3273, -1284 
3274, -1273 
3275, -1228 
3276, -1176 
3277, -1098 
3278, -1004 
3279, -904 
3280, -806 
3281, -704 
3282, -593 
3283, -483 
3284, -387 
3285, -307 
3286, -246 
3287, -214 
3288, -207 
3289, -222 
3290, -251 
3291, -309 
3292, -390 
3293, -486 
3294, -617 
3295, -777 
3296, -921 
3297, -1025 
3298, -1072 
3299, -1049 
3300, -983 
3301, -905 
3302, -846 
3303, -777 
3304, -708 
3305, -656 
3306, -583 
3307, -495 
3308, -404 
3309, -286 
3310, -131 
3311, 16 
3312, 146 
3313, 294 
3314, 504 
3315, 833 
3316, 1281 
3317, 1713 
3318, 2017 
3319, 2150 
3320, 2018 
3321, 1655 
3322, 1205 
3323, 791 
3324, 473 
3325, 352 
3326, 458 
3327, 669 
3328, 869 
3329, 925 
3330, 799 
3331, 508 
3332, 129 
3333, -198 
3334, -425 
3335, -520 
3336, -460 
3337, -289 
3338, -73 
3339, 139 
3340, 292 
3341, 358 
3342, 358 
3343, 321 
3344, 228 
3345, 38 
3346, -248 
3347, -585 
3348, -918 
3349, -1214 
3350, -1403 
3351, -1451 
3352, -1399 
3353, -1287 
3354, -1147 
3355, -1025 
3356, -970 
3357, -993 
3358, -1054 
3359, -1111 
3360, -1120 
3361, -1060 
3362, -928 
3363, -740 
3364, -504 
3365, -247 
3366, -4 
3367, 217 
3368, 403 
3369, 549 
3370, 666 
3371, 738 
3372, 769 
3373, 766 
3374, 721 
3375, 661 
3376, 602 
3377, 556 
3378, 508 
3379, 464 
3380, 418 
3381, 356 
3382, 276 
3383, 200 
3384, 156 
3385, 131 
3386, 156 
3387, 217 
3388, 280 
3389, 355 
3390, 399 
3391, 411 
3392, 396 
3393, 365 
3394, 347 
3395, 318 
3396, 307 
3397, 288 
3398, 213 
3399, 104 
3400, -51 
3401, -259 
3402, -487 
3403, -705 
3404, -881 
3405, -996 
3406, -1066 
3407, -1083 
3408, -1054 
3409, -1007 
3410, -945 
3411, -870 
3412, -804 
3413, -740 
3414, -682 
3415, -644 
3416, -592 
3417, -540 
3418, -483 
3419, -396 
3420, -275 
3421, -131 
3422, 14 
3423, 154 
3424, 258 
3425, 335 
3426, 356 
3427, 329 
3428, 281 
3429, 208 
3430, 139 
3431, 86 
3432, 43 
3433, 30 
3434, 44 
3435, 67 
3436, 107 
3437, 140 
3438, 169 
3439, 210 
3440, 229 
3441, 250 
3442, 266 
3443, 285 
3444, 312 
3445, 347 
3446, 394 
3447, 425 
3448, 441 
3449, 422 
3450, 372 
3451, 283 
3452, 152 
3453, 6 
3454, -142 
3455, -275 
3456, -389 
3457, -492 
3458, -578 
3459, -626 
3460, -668 
3461, -701 
3462, -707 
3463, -707 
3464, -676 
3465, -626 
3466, -568 
3467, -511 
3468, -435 
3469, -341 
3470, -208 
3471, -53 
3472, 104 
3473, 268 
3474, 404 
3475, 503 
3476, 559 
3477, 577 
3478, 562 
3479, 530 
3480, 512 
3481, 521 
3482, 531 
3483, 528 
3484, 508 
3485, 456 
3486, 391 
3487, 330 
3488, 261 
3489, 222 
3490, 217 
3491, 230 
3492, 283 
3493, 348 
3494, 407 
3495, 447 
3496, 461 
3497, 444 
3498, 409 
3499, 352 
3500, 255 
3501, 154 
3502, 59 
3503, -38 
3504, -147 
3505, -267 
3506, -396 
3507, -534 
3508, -674 
3509, -796 
3510, -907 
3511, -992 
3512, -1057 
3513, -1106 
3514, -1123 
3515, -1125 
3516, -1114 
3517, -1106 
3518, -1094 
3519, -1056 
3520, -1014 
3521, -964 
3522, -917 
3523, -866 
3524, -792 
3525, -744 
3526, -703 
3527, -647 
3528, -610 
3529, -592 
3530, -592 
3531, -603 
3532, -619 
3533, -651 
3534, -670 
3535, -709 
3536, -753 
3537, -794 
3538, -853 
3539, -912 
3540, -970 
3541, -1008 
3542, -995 
3543, -949 
3544, -881 
3545, -790 
3546, -687 
3547, -589 
3548, -499 
3549, -399 
3550, -310 
3551, -241 
3552, -147 
3553, -57 
3554, 22 
3555, 112 
3556, 236 
3557, 465 
3558, 861 
3559, 1369 
3560, 1864 
3561, 2199 
3562, 2291 
3563, 2108 
3564, 1709 
3565, 1234 
3566, 797 
3567, 516 
3568, 457 
3569, 616 
3570, 883 
3571, 1096 
3572, 1144 
3573, 976 
3574, 633 
3575, 211 
3576, -153 
3577, -387 
3578, -464 
3579, -396 
3580, -220 
3581, -11 
3582, 180 
3583, 294 
3584, 320 
3585, 301 
3586, 235 
3587, 103 
3588, -118 
3589, -431 
3590, -791 
3591, -1152 
3592, -1421 
3593, -1554 
3594, -1557 
3595, -1456 
3596, -1300 
3597, -1133 
3598, -1035 
3599, -1016 
3600, -1073 
3601, -1167 
3602, -1236 
3603, -1227 
3604, -1141 
3605, -992 
3606, -796 
3607, -563 
3608, -312 
3609, -75 
3610, 141 
3611, 317 
3612, 457 
3613, 563 
3614, 618 
3615, 642 
3616, 632 
3617, 592 
3618, 558 
3619, 540 
3620, 554 
3621, 568 
3622, 561 
3623, 539 
3624, 489 
3625, 414 
3626, 351 
3627, 309 
3628, 318 
3629, 378 
3630, 463 
3631, 567 
3632, 636 
3633, 659 
3634, 655 
3635, 610 
3636, 542 
3637, 473 
3638, 428 
3639, 385 
3640, 338 
3641, 243 
3642, 87 
3643, -98 
3644, -312 
3645, -534 
3646, -744 
3647, -904 
3648, -1001 
3649, -1046 
3650, -1044 
3651, -1025 
3652, -975 
3653, -919 
3654, -877 
3655, -822 
3656, -769 
3657, -720 
3658, -694 
3659, -675 
3660, -654 
3661, -605 
3662, -535 
3663, -444 
3664, -320 
3665, -183 
3666, -60 
3667, 16 
3668, 60 
3669, 61 
3670, 30 
3671, -12 
3672, -59 
3673, -92 
3674, -98 
3675, -67 
3676, -22 
3677, 41 
3678, 116 
3679, 187 
3680, 259 
3681, 330 
3682, 395 
3683, 447 
3684, 480 
3685, 502 
3686, 522 
3687, 551 
3688, 574 
3689, 599 
3690, 622 
3691, 606 
3692, 566 
3693, 485 
3694, 365 
3695, 227 
3696, 75 
3697, -82 
3698, -208 
3699, -313 
3700, -400 
3701, -452 
3702, -496 
3703, -516 
3704, -534 
3705, -531 
3706, -515 
3707, -500 
3708, -479 
3709, -462 
3710, -432 
3711, -417 
3712, -407 
3713, -399 
3714, -358 
3715, -252 
3716, -107 
3717, 29 
3718, 143 
3719, 207 
3720, 203 
3721, 181 
3722, 164 
3723, 169 
3724, 193 
3725, 229 
3726, 292 
3727, 325 
3728, 325 
3729, 315 
3730, 300 
3731, 304 
3732, 327 
3733, 377 
3734, 425 
3735, 460 
3736, 500 
3737, 546 
3738, 571 
3739, 578 
3740, 575 
3741, 542 
3742, 492 
3743, 431 
3744, 360 
3745, 275 
3746, 166 
3747, 45 
3748, -85 
3749, -214 
3750, -334 
3751, -464 
3752, -575 
3753, -668 
3754, -753 
3755, -806 
3756, -850 
3757, -881 
3758, -900 
3759, -926 
3760, -937 
3761, -955 
3762, -987 
3763, -1009 
3764, -1024 
3765, -1024 
3766, -1010 
3767, -992 
3768, -976 
3769, -958 
3770, -943 
3771, -915 
3772, -889 
3773, -888 
3774, -875 
3775, -848 
3776, -824 
3777, -787 
3778, -774 
3779, -791 
3780, -827 
3781, -851 
3782, -874 
3783, -902 
3784, -884 
3785, -843 
3786, -768 
3787, -677 
3788, -621 
3789, -577 
3790, -567 
3791, -560 
3792, -519 
3793, -447 
3794, -334 
3795, -247 
3796, -153 
3797, -45 
3798, 18 
3799, 47 
3800, 70 
3801, 128 
3802, 283 
3803, 609 
3804, 1091 
3805, 1602 
3806, 1992 
3807, 2183 
3808, 2111 
3809, 1785 
3810, 1376 
3811, 1002 
3812, 716 
3813, 616 
3814, 720 
3815, 930 
3816, 1093 
3817, 1112 
3818, 971 
3819, 671 
3820, 299 
3821, -36 
3822, -268 
3823, -366 
3824, -341 
3825, -203 
3826, -18 
3827, 145 
3828, 265 
3829, 296 
3830, 242 
3831, 166 
3832, 39 
3833, -171 
3834, -457 
3835, -774 
3836, -1077 
3837, -1308 
3838, -1450 
3839, -1462 
3840, -1370 
3841, -1266 
3842, -1145 
3843, -1072 
3844, -1048 
3845, -1084 
3846, -1164 
3847, -1215 
3848, -1205 
3849, -1135 
3850, -1003 
3851, -835 
3852, -656 
3853, -454 
3854, -256 
3855, -57 
3856, 110 
3857, 240 
3858, 355 
3859, 432 
3860, 454 
3861, 451 
3862, 449 
3863, 444 
3864, 454 
3865, 487 
3866, 531 
3867, 538 
3868, 505 
3869, 470 
3870, 418 
3871, 366 
3872, 352 
3873, 387 
3874, 471 
3875, 578 
3876, 686 
3877, 765 
3878, 790 
3879, 775 
3880, 726 
3881, 669 
3882, 624 
3883, 566 
3884, 504 
3885, 441 
3886, 326 
3887, 174 
3888, -8 
3889, -223 
3890, -425 
3891, -600 
3892, -757 
3893, -847 
3894, -887 
3895, -905 
3896, -888 
3897, -853 
3898, -809 
3899, -769 
3900, -731 
3901, -714 
3902, -700 
3903, -690 
3904, -709 
3905, -711 
3906, -696 
3907, -657 
3908, -598 
3909, -523 
3910, -418 
3911, -346 
3912, -300 
3913, -258 
3914, -256 
3915, -281 
3916, -301 
3917, -313 
3918, -310 
3919, -277 
3920, -230 
3921, -163 
3922, -83 
3923, 4 
3924, 98 
3925, 185 
3926, 272 
3927, 355 
3928, 406 
3929, 452 
3930, 502 
3931, 539 
3932, 588 
3933, 635 
3934, 662 
3935, 682 
3936, 672 
3937, 628 
3938, 548 
3939, 435 
3940, 303 
3941, 180 
3942, 58 
3943, -25 
3944, -77 
3945, -131 
3946, -171 
3947, -197 
3948, -220 
3949, -237 
3950, -245 
3951, -246 
3952, -234 
3953, -230 
3954, -225 
3955, -227 
3956, -242 
3957, -266 
3958, -285 
3959, -261 
3960, -178 
3961, -87 
3962, -13 
3963, 29 
3964, 17 
3965, -33 
3966, -75 
3967, -93 
3968, -79 
3969, -27 
3970, 24 
3971, 80 
3972, 121 
3973, 130 
3974, 125 
3975, 113 
3976, 107 
3977, 129 
3978, 178 
3979, 231 
3980, 301 
3981, 370 
3982, 427 
3983, 462 
3984, 466 
3985, 462 
3986, 409 
3987, 347 
3988, 301 
3989, 234 
3990, 178 
3991, 107 
3992, 23 
3993, -66 
3994, -163 
3995, -247 
3996, -323 
3997, -401 
3998, -451 
3999, -493 
4000, -547 
4001, -589 
4002, -624 
4003, -669 
4004, -716 
4005, -744 
4006, -788 
4007, -840 
4008, -883 
4009, -920 
4010, -955 
4011, -960 
4012, -962 
4013, -990 
4014, -991 
4015, -986 
4016, -1011 
4017, -1022 
4018, -1008 
4019, -986 
4020, -956 
4021, -932 
4022, -915 
4023, -912 
4024, -931 
4025, -955 
4026, -976 
4027, -1004 
4028, -1009 
4029, -993 
4030, -966 
4031, -910 
4032, -861 
4033, -808 
4034, -739 
4035, -667 
4036, -596 
4037, -520 
4038, -448 
4039, -378 
4040, -293 
4041, -219 
4042, -144 
4043, -52 
4044, 34 
4045, 154 
4046, 423 
4047, 846 
4048, 1360 
4049, 1860 
4050, 2209 
4051, 2323 
4052, 2146 
4053, 1751 
4054, 1322 
4055, 943 
4056, 710 
4057, 700 
4058, 885 
4059, 1148 
4060, 1340 
4061, 1352 
4062, 1144 
4063, 778 
4064, 371 
4065, 20 
4066, -199 
4067, -227 
4068, -97 
4069, 134 
4070, 382 
4071, 561 
4072, 643 
4073, 602 
4074, 469 
4075, 290 
4076, 68 
4077, -213 
4078, -530 
4079, -875 
4080, -1189 
4081, -1409 
4082, -1518 
4083, -1523 
4084, -1446 
4085, -1330 
4086, -1238 
4087, -1205 
4088, -1248 
4089, -1330 
4090, -1425 
4091, -1478 
4092, -1457 
4093, -1349 
4094, -1179 
4095, -976 
