0, -170
1, -190
2, -216
3, -263
4, -296
5, -280
6, -214
7, -119
8, -18
9, 56
10, 74
11, 35
12, -58
13, -172
14, -275
15, -355
16, -387
17, -360
18, -283
19, -162
20, -38
21, 42
22, 66
23, 53
24, -12
25, -86
26, -129
27, -176
28, -204
29, -224
30, -231
31, -222
32, -186
33, -114
34, -50
35, -4
36, -7
37, -42
38, -91
39, -147
40, -206
41, -241
42, -265
43, -268
44, -239
45, -181
46, -100
47, -25
48, 28
49, 44
50, 26
51, -13
52, -77
53, -154
54, -221
55, -254
56, -220
57, -158
58, -86
59, -49
60, -67
61, -81
62, -70
63, -49
64, -67
65, -106
66, -176
67, -252
68, -268
69, -252
70, -220
71, -176
72, -141
73, -96
74, -47
75, -15
76, -6
77, -19
78, -38
79, -58
80, -68
81, -80
82, -80
83, -80
84, -119
85, -207
86, -315
87, -399
88, -416
89, -369
90, -282
91, -164
92, -34
93, 78
94, 165
95, 194
96, 121
97, -19
98, -166
99, -287
100, -341
101, -329
102, -266
103, -176
104, -101
105, -58
106, -47
107, -68
108, -78
109, -42
110, 5
111, 18
112, -33
113, -126
114, -233
115, -302
116, -304
117, -248
118, -157
119, -67
120, 7
121, 22
122, -17
123, -47
124, -57
125, -44
126, -39
127, -69
128, -135
129, -181
130, -208
131, -209
132, -193
133, -184
134, -160
135, -114
136, -59
137, -18
138, 3
139, -15
140, -48
141, -75
142, -108
143, -161
144, -212
145, -227
146, -226
147, -188
148, -120
149, -62
150, -9
151, 10
152, -12
153, -48
154, -92
155, -100
156, -92
157, -96
158, -122
159, -181
160, -236
161, -242
162, -192
163, -140
164, -98
165, -70
166, -61
167, -32
168, 4
169, 17
170, -6
171, -70
172, -156
173, -243
174, -306
175, -321
176, -265
177, -158
178, -42
179, 66
180, 105
181, 71
182, -14
183, -139
184, -253
185, -327
186, -347
187, -290
188, -199
189, -103
190, -46
191, -30
192, -19
193, -24
194, -43
195, -70
196, -115
197, -167
198, -197
199, -204
200, -190
201, -150
202, -93
203, -47
204, -35
205, -60
206, -100
207, -146
208, -167
209, -162
210, -136
211, -104
212, -95
213, -103
214, -126
215, -144
216, -157
217, -166
218, -160
219, -141
220, -107
221, -58
222, -9
223, 22
224, 46
225, 49
226, 16
227, -40
228, -123
229, -215
230, -287
231, -327
232, -320
233, -275
234, -195
235, -103
236, -25
237, 21
238, 34
239, 10
240, -13
241, -14
242, 6
243, 37
244, 26
245, -10
246, -78
247, -170
248, -246
249, -313
250, -357
251, -366
252, -320
253, -214
254, -83
255, 23
256, 88
257, 112
258, 77
259, 22
260, -63
261, -146
262, -213
263, -261
264, -262
265, -226
266, -149
267, -79
268, -34
269, -20
270, -33
271, -62
272, -81
273, -115
274, -176
275, -239
276, -300
277, -313
278, -277
279, -193
280, -79
281, 14
282, 58
283, 57
284, 21
285, -44
286, -112
287, -175
288, -214
289, -218
290, -202
291, -198
292, -212
293, -210
294, -194
295, -148
296, -80
297, -25
298, -4
299, -27
300, -92
301, -170
302, -230
303, -228
304, -172
305, -97
306, -32
307, -3
308, -7
309, -38
310, -59
311, -54
312, -79
313, -132
314, -196
315, -281
316, -321
317, -283
318, -185
319, -63
320, 42
321, 103
322, 101
323, 48
324, -26
325, -102
326, -166
327, -199
328, -189
329, -198
330, -207
331, -203
332, -203
333, -169
334, -115
335, -33
336, 38
337, 87
338, 113
339, 92
340, 33
341, -63
342, -183
343, -287
344, -338
345, -340
346, -295
347, -216
348, -140
349, -65
350, 2
351, 29
352, 25
353, 31
354, 25
355, 28
356, 23
357, -21
358, -107
359, -212
360, -300
361, -334
362, -282
363, -188
364, -99
365, -41
366, -35
367, -61
368, -78
369, -67
370, -46
371, -42
372, -56
373, -92
374, -132
375, -144
376, -106
377, -56
378, -23
379, -10
380, -30
381, -91
382, -175
383, -262
384, -306
385, -295
386, -230
387, -150
388, -89
389, -25
390, 18
391, 55
392, 94
393, 91
394, 26
395, -88
396, -171
397, -241
398, -317
399, -346
400, -315
401, -228
402, -102
403, 18
404, 83
405, 80
406, 43
407, -3
408, -81
409, -160
410, -212
411, -248
412, -228
413, -173
414, -124
415, -85
416, -65
417, -32
418, -18
419, -40
420, -101
421, -180
422, -245
423, -273
424, -247
425, -173
426, -84
427, 8
428, 90
429, 114
430, 82
431, -1
432, -113
433, -234
434, -311
435, -328
436, -296
437, -228
438, -159
439, -88
440, -50
441, -44
442, -48
443, -80
444, -99
445, -73
446, -32
447, -23
448, -43
449, -81
450, -146
451, -198
452, -222
453, -231
454, -194
455, -85
456, 17
457, 59
458, 34
459, -60
460, -172
461, -234
462, -226
463, -198
464, -158
465, -125
466, -107
467, -107
468, -114
469, -127
470, -142
471, -129
472, -95
473, -57
474, -59
475, -89
476, -117
477, -115
478, -67
479, -37
480, -41
481, -84
482, -157
483, -201
484, -204
485, -183
486, -135
487, -70
488, -24
489, -6
490, -53
491, -126
492, -195
493, -237
494, -239
495, -238
496, -226
497, -184
498, -116
499, -29
500, 55
501, 95
502, 95
503, 48
504, -4
505, -63
506, -133
507, -202
508, -250
509, -259
510, -245
511, -237
512, -243
513, -260
514, -258
515, -205
516, -102
517, 22
518, 129
519, 201
520, 233
521, 200
522, 103
523, -17
524, -160
525, -308
526, -445
527, -527
528, -532
529, -469
530, -327
531, -136
532, 37
533, 180
534, 268
535, 266
536, 209
537, 106
538, -52
539, -217
540, -348
541, -427
542, -422
543, -356
544, -259
545, -161
546, -82
547, -2
548, 74
549, 116
550, 116
551, 73
552, -7
553, -115
554, -235
555, -333
556, -386
557, -376
558, -289
559, -152
560, -26
561, 64
562, 93
563, 97
564, 93
565, 62
566, -2
567, -119
568, -252
569, -359
570, -396
571, -389
572, -336
573, -222
574, -76
575, 78
576, 189
577, 203
578, 127
579, -10
580, -146
581, -230
582, -254
583, -244
584, -241
585, -219
586, -187
587, -171
588, -160
589, -155
590, -122
591, -58
592, 15
593, 64
594, 60
595, 7
596, -64
597, -129
598, -167
599, -200
600, -228
601, -231
602, -211
603, -196
604, -164
605, -133
606, -93
607, -28
608, 27
609, 88
610, 98
611, 49
612, -36
613, -130
614, -226
615, -303
616, -349
617, -355
618, -315
619, -247
620, -162
621, -86
622, -6
623, 57
624, 92
625, 100
626, 73
627, 8
628, -99
629, -209
630, -288
631, -311
632, -252
633, -155
634, -74
635, -21
636, -9
637, -34
638, -56
639, -77
640, -83
641, -97
642, -114
643, -129
644, -180
645, -221
646, -242
647, -233
648, -178
649, -83
650, 15
651, 72
652, 72
653, 17
654, -54
655, -125
656, -168
657, -175
658, -169
659, -145
660, -125
661, -113
662, -117
663, -144
664, -175
665, -206
666, -216
667, -210
668, -187
669, -119
670, -29
671, 36
672, 68
673, 25
674, -61
675, -145
676, -215
677, -221
678, -210
679, -191
680, -170
681, -141
682, -105
683, -75
684, -35
685, -11
686, -16
687, -36
688, -72
689, -109
690, -149
691, -182
692, -185
693, -174
694, -164
695, -162
696, -196
697, -222
698, -212
699, -173
700, -117
701, -55
702, -35
703, -53
704, -62
705, -53
706, -16
707, 20
708, 33
709, 17
710, -55
711, -152
712, -245
713, -323
714, -363
715, -358
716, -286
717, -190
718, -104
719, -31
720, 5
721, 21
722, 30
723, 12
724, -24
725, -64
726, -104
727, -144
728, -173
729, -212
730, -253
731, -287
732, -292
733, -271
734, -213
735, -128
736, -46
737, 36
738, 87
739, 107
740, 102
741, 49
742, -27
743, -121
744, -241
745, -343
746, -412
747, -409
748, -342
749, -222
750, -75
751, 43
752, 118
753, 137
754, 107
755, 45
756, -5
757, -69
758, -156
759, -227
760, -270
761, -292
762, -285
763, -211
764, -121
765, -23
766, 42
767, 52
768, 7
769, -84
770, -202
771, -298
772, -325
773, -292
774, -198
775, -96
776, -8
777, 47
778, 67
779, 61
780, 38
781, -3
782, -52
783, -108
784, -175
785, -267
786, -368
787, -419
788, -398
789, -305
790, -144
791, 21
792, 145
793, 183
794, 117
795, 6
796, -132
797, -238
798, -265
799, -230
800, -171
801, -129
802, -122
803, -141
804, -180
805, -209
806, -186
807, -130
808, -55
809, 11
810, 26
811, -21
812, -97
813, -157
814, -177
815, -143
816, -77
817, -34
818, -35
819, -93
820, -183
821, -247
822, -287
823, -286
824, -241
825, -160
826, -70
827, 3
828, 55
829, 60
830, 31
831, -22
832, -85
833, -128
834, -148
835, -154
836, -159
837, -158
838, -134
839, -117
840, -116
841, -135
842, -167
843, -188
844, -183
845, -156
846, -134
847, -150
848, -179
849, -175
850, -140
851, -88
852, -19
853, 42
854, 71
855, 56
856, -29
857, -136
858, -231
859, -292
860, -276
861, -217
862, -150
863, -108
864, -92
865, -78
866, -76
867, -59
868, -43
869, -48
870, -64
871, -76
872, -81
873, -83
874, -74
875, -81
876, -139
877, -209
878, -257
879, -279
880, -240
881, -161
882, -68
883, 2
884, 45
885, 59
886, 49
887, 29
888, -22
889, -91
890, -161
891, -217
892, -239
893, -244
894, -266
895, -275
896, -257
897, -218
898, -138
899, -47
900, 18
901, 65
902, 81
903, 51
904, -7
905, -76
906, -118
907, -134
908, -159
909, -204
910, -275
911, -326
912, -317
913, -245
914, -136
915, -25
916, 54
917, 92
918, 87
919, 23
920, -61
921, -142
922, -192
923, -216
924, -228
925, -227
926, -220
927, -200
928, -153
929, -88
930, -42
931, -27
932, -52
933, -84
934, -120
935, -149
936, -145
937, -130
938, -137
939, -147
940, -147
941, -140
942, -117
943, -92
944, -56
945, -51
946, -73
947, -109
948, -173
949, -222
950, -236
951, -194
952, -109
953, -37
954, 7
955, 11
956, -17
957, -62
958, -103
959, -139
960, -159
961, -156
962, -143
963, -116
964, -97
965, -114
966, -140
967, -178
968, -197
969, -188
970, -140
971, -77
972, -25
973, 10
974, 6
975, -46
976, -108
977, -143
978, -150
979, -148
980, -141
981, -149
982, -163
983, -156
984, -138
985, -103
986, -80
987, -75
988, -70
989, -98
990, -137
991, -178
992, -202
993, -191
994, -153
995, -82
996, -22
997, 13
998, 35
999, 40
1000, 26
1001, -29
1002, -126
1003, -257
1004, -383
1005, -446
1006, -409
1007, -300
1008, -170
1009, -38
1010, 71
1011, 124
1012, 129
1013, 101
1014, 35
1015, -33
1016, -96
1017, -160
1018, -229
1019, -305
1020, -348
1021, -342
1022, -270
1023, -172
1024, -67
1025, 51
1026, 138
1027, 156
1028, 93
1029, -37
1030, -214
1031, -364
1032, -424
1033, -390
1034, -288
1035, -156
1036, -42
1037, 25
1038, 47
1039, 34
1040, 15
1041, 13
1042, 22
1043, 14
1044, -38
1045, -140
1046, -259
1047, -352
1048, -386
1049, -336
1050, -247
1051, -154
1052, -67
1053, -11
1054, 27
1055, 43
1056, 32
1057, -8
1058, -56
1059, -122
1060, -189
1061, -253
1062, -310
1063, -330
1064, -312
1065, -233
1066, -112
1067, -16
1068, 33
1069, 46
1070, 39
1071, 46
1072, 25
1073, -6
1074, -58
1075, -121
1076, -155
1077, -204
1078, -267
1079, -336
1080, -394
1081, -392
1082, -310
1083, -165
1084, -13
1085, 93
1086, 137
1087, 120
1088, 61
1089, -5
1090, -43
1091, -54
1092, -60
1093, -99
1094, -168
1095, -241
1096, -297
1097, -328
1098, -317
1099, -263
1100, -168
1101, -55
1102, 32
1103, 66
1104, 29
1105, -33
1106, -82
1107, -110
1108, -143
1109, -183
1110, -220
1111, -250
1112, -219
1113, -169
1114, -91
1115, -21
1116, 21
1117, 46
1118, 30
1119, 3
1120, -29
1121, -71
1122, -124
1123, -186
1124, -249
1125, -306
1126, -321
1127, -307
1128, -263
1129, -169
1130, -53
1131, 53
1132, 122
1133, 136
1134, 110
1135, 58
1136, -31
1137, -133
1138, -230
1139, -301
1140, -308
1141, -286
1142, -250
1143, -207
1144, -162
1145, -113
1146, -78
1147, -56
1148, -53
1149, -45
1150, -5
1151, 33
1152, 36
1153, -7
1154, -80
1155, -146
1156, -203
1157, -225
1158, -202
1159, -173
1160, -150
1161, -133
1162, -137
1163, -172
1164, -227
1165, -243
1166, -221
1167, -154
1168, -51
1169, 39
1170, 98
1171, 92
1172, 48
1173, -25
1174, -110
1175, -209
1176, -302
1177, -349
1178, -352
1179, -292
1180, -206
1181, -112
1182, -23
1183, 51
1184, 89
1185, 81
1186, 21
1187, -78
1188, -164
1189, -216
1190, -244
1191, -238
1192, -208
1193, -181
1194, -178
1195, -177
1196, -172
1197, -133
1198, -58
1199, 2
1200, 35
1201, 16
1202, -33
1203, -89
1204, -121
1205, -115
1206, -110
1207, -108
1208, -119
1209, -160
1210, -198
1211, -222
1212, -232
1213, -218
1214, -180
1215, -123
1216, -76
1217, -64
1218, -77
1219, -93
1220, -100
1221, -88
1222, -54
1223, -32
1224, -44
1225, -94
1226, -170
1227, -213
1228, -203
1229, -154
1230, -71
1231, -9
1232, 0
1233, -53
1234, -142
1235, -216
1236, -246
1237, -238
1238, -202
1239, -161
1240, -136
1241, -106
1242, -56
1243, -13
1244, 38
1245, 55
1246, 6
1247, -71
1248, -164
1249, -247
1250, -274
1251, -261
1252, -220
1253, -160
1254, -123
1255, -110
1256, -117
1257, -125
1258, -108
1259, -73
1260, -30
1261, 2
1262, -13
1263, -59
1264, -112
1265, -180
1266, -224
1267, -253
1268, -271
1269, -274
1270, -241
1271, -164
1272, -89
1273, 3
1274, 72
1275, 95
1276, 77
1277, 16
1278, -66
1279, -166
1280, -248
1281, -283
1282, -267
1283, -213
1284, -154
1285, -120
1286, -105
1287, -104
1288, -107
1289, -99
1290, -71
1291, -17
1292, 10
1293, 5
1294, -47
1295, -112
1296, -142
1297, -167
1298, -177
1299, -177
1300, -160
1301, -127
1302, -95
1303, -73
1304, -92
1305, -126
1306, -158
1307, -187
1308, -196
1309, -194
1310, -166
1311, -129
1312, -93
1313, -61
1314, -55
1315, -43
1316, -41
1317, -22
1318, 7
1319, 19
1320, -7
1321, -79
1322, -166
1323, -274
1324, -347
1325, -377
1326, -373
1327, -320
1328, -241
1329, -143
1330, -40
1331, 53
1332, 99
1333, 93
1334, 58
1335, -16
1336, -99
1337, -177
1338, -248
1339, -272
1340, -238
1341, -161
1342, -89
1343, -51
1344, -72
1345, -119
1346, -155
1347, -181
1348, -168
1349, -150
1350, -122
1351, -82
1352, -48
1353, -26
1354, -36
1355, -69
1356, -97
1357, -129
1358, -175
1359, -221
1360, -246
1361, -228
1362, -160
1363, -57
1364, 33
1365, 58
1366, 2
1367, -97
1368, -206
1369, -258
1370, -263
1371, -199
1372, -94
1373, -16
1374, 27
1375, 9
1376, -48
1377, -129
1378, -206
1379, -236
1380, -233
1381, -217
1382, -193
1383, -150
1384, -109
1385, -65
1386, -2
1387, 57
1388, 88
1389, 61
1390, -7
1391, -113
1392, -218
1393, -294
1394, -311
1395, -297
1396, -262
1397, -216
1398, -160
1399, -93
1400, -34
1401, 43
1402, 96
1403, 91
1404, 31
1405, -68
1406, -162
1407, -212
1408, -227
1409, -207
1410, -157
1411, -110
1412, -92
1413, -98
1414, -125
1415, -153
1416, -169
1417, -173
1418, -142
1419, -97
1420, -49
1421, -35
1422, -24
1423, -25
1424, -62
1425, -80
1426, -98
1427, -118
1428, -119
1429, -139
1430, -182
1431, -230
1432, -263
1433, -254
1434, -186
1435, -96
1436, -22
1437, 15
1438, 11
1439, -19
1440, -63
1441, -114
1442, -153
1443, -165
1444, -151
1445, -136
1446, -135
1447, -148
1448, -169
1449, -193
1450, -209
1451, -179
1452, -126
1453, -56
1454, 5
1455, 32
1456, 5
1457, -37
1458, -82
1459, -120
1460, -124
1461, -122
1462, -107
1463, -105
1464, -134
1465, -175
1466, -197
1467, -188
1468, -159
1469, -118
1470, -75
1471, -51
1472, -56
1473, -57
1474, -52
1475, -62
1476, -68
1477, -62
1478, -81
1479, -99
1480, -127
1481, -152
1482, -164
1483, -170
1484, -151
1485, -110
1486, -90
1487, -97
1488, -112
1489, -141
1490, -151
1491, -147
1492, -131
1493, -104
1494, -98
1495, -103
1496, -93
1497, -55
1498, -27
1499, -6
1500, 8
1501, -12
1502, -65
1503, -129
1504, -204
1505, -265
1506, -292
1507, -273
1508, -208
1509, -139
1510, -92
1511, -58
1512, -58
1513, -69
1514, -71
1515, -70
1516, -64
1517, -55
1518, -35
1519, -31
1520, -73
1521, -130
1522, -192
1523, -239
1524, -258
1525, -235
1526, -177
1527, -117
1528, -54
1529, -16
1530, -10
1531, -36
1532, -78
1533, -114
1534, -125
1535, -113
1536, -84
1537, -79
1538, -108
1539, -141
1540, -173
1541, -201
1542, -212
1543, -215
1544, -205
1545, -158
1546, -86
1547, -20
1548, 8
1549, -16
1550, -68
1551, -119
1552, -163
1553, -189
1554, -182
1555, -142
1556, -88
1557, -32
1558, -9
1559, -37
1560, -88
1561, -119
1562, -136
1563, -158
1564, -191
1565, -236
1566, -265
1567, -250
1568, -179
1569, -78
1570, 14
1571, 63
1572, 77
1573, 58
1574, -23
1575, -131
1576, -226
1577, -271
1578, -254
1579, -205
1580, -182
1581, -200
1582, -218
1583, -183
1584, -85
1585, 29
1586, 113
1587, 112
1588, 41
1589, -65
1590, -184
1591, -235
1592, -239
1593, -224
1594, -203
1595, -193
1596, -186
1597, -195
1598, -202
1599, -184
1600, -122
1601, -31
1602, 61
1603, 111
1604, 102
1605, 36
1606, -39
1607, -105
1608, -185
1609, -247
1610, -290
1611, -300
1612, -277
1613, -228
1614, -178
1615, -134
1616, -92
1617, -43
1618, -7
1619, -1
1620, 5
1621, 6
1622, -2
1623, -19
1624, -86
1625, -204
1626, -325
1627, -397
1628, -377
1629, -266
1630, -92
1631, 66
1632, 148
1633, 164
1634, 114
1635, 28
1636, -60
1637, -140
1638, -212
1639, -278
1640, -333
1641, -375
1642, -389
1643, -327
1644, -181
1645, -17
1646, 118
1647, 172
1648, 150
1649, 87
1650, 0
1651, -93
1652, -177
1653, -245
1654, -257
1655, -239
1656, -205
1657, -148
1658, -94
1659, -37
1660, -9
1661, -10
1662, -31
1663, -77
1664, -145
1665, -222
1666, -268
1667, -266
1668, -217
1669, -128
1670, -52
1671, -15
1672, -11
1673, -27
1674, -41
1675, -43
1676, -38
1677, -42
1678, -61
1679, -94
1680, -119
1681, -159
1682, -190
1683, -212
1684, -234
1685, -237
1686, -233
1687, -196
1688, -145
1689, -95
1690, -56
1691, -16
1692, 13
1693, 15
1694, -6
1695, -44
1696, -93
1697, -143
1698, -165
1699, -162
1700, -141
1701, -112
1702, -103
1703, -102
1704, -102
1705, -102
1706, -118
1707, -154
1708, -176
1709, -183
1710, -164
1711, -102
1712, -38
1713, 14
1714, 30
1715, 8
1716, -5
1717, -39
1718, -104
1719, -185
1720, -259
1721, -292
1722, -280
1723, -212
1724, -125
1725, -38
1726, 43
1727, 94
1728, 83
1729, 14
1730, -59
1731, -130
1732, -167
1733, -172
1734, -172
1735, -168
1736, -169
1737, -166
1738, -161
1739, -139
1740, -96
1741, -48
1742, -17
1743, 0
1744, -9
1745, -37
1746, -87
1747, -135
1748, -162
1749, -163
1750, -138
1751, -105
1752, -80
1753, -86
1754, -116
1755, -166
1756, -197
1757, -201
1758, -171
1759, -124
1760, -85
1761, -65
1762, -54
1763, -68
1764, -93
1765, -100
1766, -101
1767, -77
1768, -45
1769, -21
1770, -10
1771, -28
1772, -61
1773, -133
1774, -200
1775, -240
1776, -273
1777, -260
1778, -214
1779, -156
1780, -96
1781, -69
1782, -43
1783, 1
1784, 16
1785, 24
1786, 1
1787, -50
1788, -101
1789, -140
1790, -146
1791, -149
1792, -140
1793, -124
1794, -149
1795, -203
1796, -241
1797, -241
1798, -204
1799, -130
1800, -53
1801, 13
1802, 42
1803, 33
1804, -1
1805, -55
1806, -109
1807, -172
1808, -201
1809, -210
1810, -199
1811, -185
1812, -162
1813, -127
1814, -110
1815, -72
1816, -52
1817, -47
1818, -35
1819, -40
1820, -47
1821, -47
1822, -41
1823, -65
1824, -106
1825, -135
1826, -162
1827, -184
1828, -179
1829, -151
1830, -135
1831, -98
1832, -70
1833, -45
1834, -28
1835, -50
1836, -74
1837, -115
1838, -184
1839, -240
1840, -252
1841, -214
1842, -128
1843, -25
1844, 45
1845, 54
1846, 12
1847, -58
1848, -139
1849, -181
1850, -185
1851, -180
1852, -178
1853, -149
1854, -111
1855, -82
1856, -64
1857, -42
1858, -23
1859, -30
1860, -44
1861, -96
1862, -161
1863, -246
1864, -316
1865, -308
1866, -239
1867, -121
1868, -24
1869, 21
1870, 22
1871, 15
1872, 19
1873, 1
1874, -39
1875, -79
1876, -129
1877, -184
1878, -254
1879, -321
1880, -348
1881, -307
1882, -180
1883, -47
1884, 46
1885, 95
1886, 99
1887, 73
1888, 22
1889, -40
1890, -117
1891, -194
1892, -239
1893, -248
1894, -233
1895, -205
1896, -183
1897, -153
1898, -122
1899, -100
1900, -81
1901, -79
1902, -86
1903, -69
1904, -38
1905, -24
1906, -19
1907, -48
1908, -92
1909, -127
1910, -168
1911, -199
1912, -222
1913, -241
1914, -249
1915, -230
1916, -193
1917, -131
1918, -45
1919, 25
1920, 71
1921, 77
1922, 41
1923, -18
1924, -80
1925, -141
1926, -204
1927, -261
1928, -297
1929, -306
1930, -290
1931, -246
1932, -177
1933, -85
1934, 18
1935, 90
1936, 100
1937, 50
1938, -33
1939, -129
1940, -215
1941, -253
1942, -250
1943, -228
1944, -168
1945, -90
1946, -24
1947, -12
1948, -28
1949, -37
1950, -61
1951, -62
1952, -64
1953, -97
1954, -156
1955, -225
1956, -264
1957, -274
1958, -249
1959, -182
1960, -125
1961, -78
1962, -22
1963, 12
1964, 33
1965, 49
1966, 41
1967, 4
1968, -67
1969, -169
1970, -269
1971, -318
1972, -299
1973, -227
1974, -136
1975, -53
1976, 15
1977, 29
1978, 8
1979, -53
1980, -126
1981, -181
1982, -226
1983, -226
1984, -196
1985, -145
1986, -119
1987, -138
1988, -151
1989, -173
1990, -170
1991, -124
1992, -82
1993, -41
1994, -24
1995, -21
1996, -30
1997, -61
1998, -109
1999, -153
2000, -184
2001, -208
2002, -189
2003, -156
2004, -120
2005, -92
2006, -100
2007, -136
2008, -182
2009, -217
2010, -216
2011, -188
2012, -129
2013, -54
2014, 2
2015, 36
2016, 26
2017, -2
2018, -29
2019, -60
2020, -105
2021, -164
2022, -222
2023, -264
2024, -260
2025, -207
2026, -103
2027, -10
2028, 48
2029, 58
2030, 4
2031, -77
2032, -167
2033, -231
2034, -260
2035, -242
2036, -182
2037, -109
2038, -35
2039, 7
2040, 38
2041, 36
2042, -8
2043, -72
2044, -147
2045, -203
2046, -226
2047, -228
2048, -197
2049, -137
2050, -103
2051, -88
2052, -93
2053, -102
2054, -95
2055, -77
2056, -67
2057, -75
2058, -114
2059, -148
2060, -161
2061, -174
2062, -154
2063, -116
2064, -77
2065, -50
2066, -62
2067, -109
2068, -159
2069, -198
2070, -224
2071, -248
2072, -229
2073, -178
2074, -135
2075, -92
2076, -74
2077, -82
2078, -86
2079, -76
2080, -89
2081, -120
2082, -130
2083, -131
2084, -122
2085, -91
2086, -81
2087, -93
2088, -107
2089, -139
2090, -183
2091, -202
2092, -212
2093, -189
2094, -123
2095, -43
2096, 22
2097, 46
2098, 18
2099, -55
2100, -122
2101, -160
2102, -166
2103, -144
2104, -120
2105, -100
2106, -123
2107, -156
2108, -160
2109, -135
2110, -82
2111, -30
2112, -27
2113, -63
2114, -106
2115, -159
2116, -190
2117, -174
2118, -138
2119, -75
2120, -14
2121, -8
2122, -49
2123, -93
2124, -123
2125, -138
2126, -141
2127, -147
2128, -179
2129, -209
2130, -227
2131, -221
2132, -176
2133, -116
2134, -51
2135, -30
2136, -17
2137, -25
2138, -49
2139, -84
2140, -142
2141, -195
2142, -243
2143, -268
2144, -250
2145, -198
2146, -124
2147, -70
2148, -33
2149, -23
2150, -71
2151, -127
2152, -164
2153, -187
2154, -188
2155, -161
2156, -144
2157, -137
2158, -135
2159, -145
2160, -124
2161, -81
2162, -47
2163, -35
2164, -58
2165, -95
2166, -119
2167, -140
2168, -163
2169, -172
2170, -175
2171, -173
2172, -177
2173, -184
2174, -189
2175, -181
2176, -151
2177, -89
2178, -22
2179, 21
2180, 18
2181, -27
2182, -73
2183, -115
2184, -139
2185, -165
2186, -196
2187, -216
2188, -218
2189, -204
2190, -190
2191, -153
2192, -106
2193, -67
2194, -22
2195, 10
2196, 4
2197, -22
2198, -72
2199, -137
2200, -187
2201, -214
2202, -197
2203, -132
2204, -65
2205, -26
2206, -39
2207, -105
2208, -193
2209, -270
2210, -299
2211, -274
2212, -209
2213, -117
2214, -31
2215, 29
2216, 68
2217, 65
2218, 22
2219, -33
2220, -91
2221, -156
2222, -208
2223, -233
2224, -235
2225, -205
2226, -178
2227, -154
2228, -130
2229, -118
2230, -88
2231, -36
2232, -9
2233, -8
2234, -27
2235, -59
2236, -79
2237, -101
2238, -130
2239, -154
2240, -176
2241, -182
2242, -186
2243, -192
2244, -179
2245, -151
2246, -98
2247, -32
2248, 15
2249, 23
2250, -4
2251, -64
2252, -130
2253, -178
2254, -197
2255, -171
2256, -143
2257, -115
2258, -95
2259, -92
2260, -104
2261, -122
2262, -128
2263, -119
2264, -99
2265, -78
2266, -81
2267, -112
2268, -152
2269, -214
2270, -252
2271, -237
2272, -182
2273, -76
2274, 11
2275, 28
2276, 0
2277, -40
2278, -83
2279, -111
2280, -137
2281, -152
2282, -151
2283, -165
2284, -166
2285, -172
2286, -191
2287, -204
2288, -176
2289, -131
2290, -71
2291, -3
2292, 12
2293, -24
2294, -92
2295, -165
2296, -238
2297, -284
2298, -284
2299, -237
2300, -164
2301, -82
2302, -28
2303, -12
2304, -32
2305, -58
2306, -58
2307, -51
2308, -59
2309, -89
2310, -148
2311, -218
2312, -266
2313, -288
2314, -253
2315, -165
2316, -82
2317, -42
2318, -46
2319, -88
2320, -137
2321, -163
2322, -134
2323, -72
2324, -15
2325, 16
2326, -9
2327, -79
2328, -149
2329, -183
2330, -174
2331, -131
2332, -83
2333, -55
2334, -89
2335, -174
2336, -254
2337, -276
2338, -239
2339, -136
2340, 1
2341, 103
2342, 143
2343, 132
2344, 44
2345, -98
2346, -231
2347, -314
2348, -333
2349, -300
2350, -250
2351, -183
2352, -107
2353, -40
2354, 27
2355, 76
2356, 85
2357, 65
2358, 53
2359, 10
2360, -76
2361, -178
2362, -271
2363, -344
2364, -388
2365, -372
2366, -307
2367, -221
2368, -128
2369, -45
2370, 16
2371, 41
2372, 54
2373, 74
2374, 74
2375, 47
2376, -33
2377, -133
2378, -232
2379, -284
2380, -284
2381, -264
2382, -229
2383, -194
2384, -161
2385, -134
2386, -93
2387, -44
2388, -5
2389, 31
2390, 63
2391, 41
2392, -48
2393, -150
2394, -223
2395, -247
2396, -216
2397, -169
2398, -131
2399, -89
2400, -66
2401, -65
2402, -73
2403, -87
2404, -95
2405, -101
2406, -116
2407, -127
2408, -158
2409, -196
2410, -201
2411, -164
2412, -111
2413, -59
2414, -31
2415, -50
2416, -88
2417, -128
2418, -150
2419, -147
2420, -107
2421, -63
2422, -62
2423, -96
2424, -149
2425, -214
2426, -233
2427, -195
2428, -111
2429, -23
2430, 45
2431, 50
2432, -33
2433, -156
2434, -277
2435, -326
2436, -299
2437, -218
2438, -114
2439, -23
2440, 9
2441, -15
2442, -45
2443, -64
2444, -74
2445, -69
2446, -74
2447, -90
2448, -128
2449, -166
2450, -191
2451, -214
2452, -212
2453, -185
2454, -155
2455, -118
2456, -88
2457, -83
2458, -85
2459, -105
2460, -109
2461, -111
2462, -104
2463, -88
2464, -69
2465, -55
2466, -58
2467, -66
2468, -91
2469, -124
2470, -145
2471, -150
2472, -153
2473, -135
2474, -113
2475, -108
2476, -118
2477, -147
2478, -188
2479, -228
2480, -247
2481, -213
2482, -139
2483, -45
2484, 37
2485, 67
2486, 47
2487, -6
2488, -67
2489, -105
2490, -122
2491, -139
2492, -153
2493, -179
2494, -217
2495, -223
2496, -200
2497, -143
2498, -53
2499, 20
2500, 49
2501, 25
2502, -59
2503, -141
2504, -191
2505, -218
2506, -212
2507, -200
2508, -190
2509, -164
2510, -140
2511, -134
2512, -127
2513, -122
2514, -89
2515, -24
2516, 28
2517, 62
2518, 50
2519, -27
2520, -117
2521, -219
2522, -304
2523, -322
2524, -268
2525, -182
2526, -121
2527, -95
2528, -105
2529, -147
2530, -173
2531, -176
2532, -155
2533, -113
2534, -67
2535, -17
2536, 7
2537, 8
2538, 2
2539, -29
2540, -63
2541, -86
2542, -111
2543, -161
2544, -240
2545, -285
2546, -303
2547, -283
2548, -244
2549, -179
2550, -82
2551, -19
2552, 31
2553, 46
2554, 23
2555, -25
2556, -83
2557, -124
2558, -165
2559, -179
2560, -179
2561, -177
2562, -155
2563, -114
2564, -71
2565, -35
2566, -42
2567, -79
2568, -132
2569, -195
2570, -219
2571, -214
2572, -193
2573, -156
2574, -119
2575, -74
2576, -47
2577, -46
2578, -32
2579, -50
2580, -90
2581, -137
2582, -168
2583, -195
2584, -203
2585, -174
2586, -152
2587, -116
2588, -83
2589, -50
2590, -38
2591, -56
2592, -77
2593, -110
2594, -147
2595, -184
2596, -209
2597, -207
2598, -205
2599, -189
2600, -170
2601, -152
2602, -124
2603, -90
2604, -54
2605, -29
2606, -23
2607, -39
2608, -49
2609, -60
2610, -84
2611, -131
2612, -195
2613, -255
2614, -298
2615, -307
2616, -267
2617, -169
2618, -67
2619, 15
2620, 83
2621, 67
2622, -11
2623, -93
2624, -164
2625, -189
2626, -196
2627, -182
2628, -184
2629, -197
2630, -181
2631, -152
2632, -84
2633, -4
2634, 39
2635, 47
2636, 9
2637, -66
2638, -154
2639, -210
2640, -237
2641, -246
2642, -227
2643, -201
2644, -147
2645, -100
2646, -46
2647, 7
2648, 28
2649, 31
2650, 9
2651, -27
2652, -66
2653, -109
2654, -157
2655, -184
2656, -197
2657, -211
2658, -228
2659, -220
2660, -185
2661, -144
2662, -89
2663, -49
2664, -35
2665, -41
2666, -68
2667, -117
2668, -168
2669, -173
2670, -147
2671, -107
2672, -58
2673, -29
2674, -23
2675, -54
2676, -81
2677, -107
2678, -134
2679, -155
2680, -178
2681, -208
2682, -230
2683, -226
2684, -199
2685, -159
2686, -117
2687, -71
2688, -54
2689, -63
2690, -87
2691, -104
2692, -119
2693, -104
2694, -44
2695, -13
2696, 0
2697, -32
2698, -108
2699, -183
2700, -227
2701, -207
2702, -167
2703, -141
2704, -139
2705, -141
2706, -131
2707, -93
2708, -48
2709, -32
2710, -46
2711, -72
2712, -98
2713, -133
2714, -157
2715, -176
2716, -157
2717, -109
2718, -62
2719, -12
2720, 7
2721, -22
2722, -86
2723, -140
2724, -167
2725, -154
2726, -125
2727, -87
2728, -62
2729, -63
2730, -62
2731, -62
2732, -61
2733, -72
2734, -90
2735, -109
2736, -147
2737, -199
2738, -227
2739, -209
2740, -172
2741, -115
2742, -62
2743, -38
2744, -46
2745, -79
2746, -96
2747, -95
2748, -75
2749, -50
2750, -31
2751, -44
2752, -98
2753, -160
2754, -222
2755, -253
2756, -231
2757, -166
2758, -77
2759, -9
2760, 8
2761, -19
2762, -42
2763, -57
2764, -66
2765, -69
2766, -103
2767, -165
2768, -211
2769, -241
2770, -240
2771, -178
2772, -92
2773, -32
2774, 5
2775, 5
2776, -57
2777, -131
2778, -178
2779, -166
2780, -105
2781, -58
2782, -46
2783, -71
2784, -112
2785, -134
2786, -122
2787, -94
2788, -71
2789, -46
2790, -37
2791, -57
2792, -102
2793, -163
2794, -207
2795, -217
2796, -189
2797, -139
2798, -106
2799, -97
2800, -108
2801, -129
2802, -117
2803, -83
2804, -49
2805, -31
2806, -44
2807, -64
2808, -116
2809, -159
2810, -179
2811, -192
2812, -171
2813, -154
2814, -138
2815, -126
2816, -119
2817, -102
2818, -87
2819, -74
2820, -66
2821, -67
2822, -59
2823, -72
2824, -87
2825, -101
2826, -123
2827, -131
2828, -120
2829, -96
2830, -86
2831, -84
2832, -92
2833, -95
2834, -98
2835, -127
2836, -164
2837, -187
2838, -196
2839, -189
2840, -159
2841, -118
2842, -85
2843, -81
2844, -94
2845, -108
2846, -107
2847, -82
2848, -41
2849, -19
2850, -40
2851, -81
2852, -135
2853, -180
2854, -204
2855, -200
2856, -157
2857, -113
2858, -77
2859, -50
2860, -45
2861, -39
2862, -24
2863, -44
2864, -106
2865, -176
2866, -238
2867, -274
2868, -255
2869, -188
2870, -104
2871, -34
2872, 8
2873, 26
2874, 15
2875, -13
2876, -31
2877, -75
2878, -140
2879, -198
2880, -249
2881, -288
2882, -279
2883, -217
2884, -134
2885, -42
2886, 11
2887, -14
2888, -74
2889, -128
2890, -158
2891, -164
2892, -143
2893, -114
2894, -86
2895, -81
2896, -103
2897, -109
2898, -108
2899, -110
2900, -113
2901, -115
2902, -113
2903, -106
2904, -104
2905, -129
2906, -162
2907, -162
2908, -125
2909, -64
2910, -31
2911, -26
2912, -40
2913, -89
2914, -144
2915, -172
2916, -158
2917, -134
2918, -112
2919, -89
2920, -78
2921, -76
2922, -83
2923, -101
2924, -126
2925, -130
2926, -123
2927, -137
2928, -143
2929, -136
2930, -123
2931, -102
2932, -95
2933, -91
2934, -97
2935, -127
2936, -137
2937, -138
2938, -124
2939, -112
2940, -106
2941, -91
2942, -87
2943, -91
2944, -88
2945, -83
2946, -73
2947, -65
2948, -91
2949, -136
2950, -172
2951, -184
2952, -167
2953, -132
2954, -98
2955, -88
2956, -106
2957, -149
2958, -175
2959, -185
2960, -167
2961, -120
2962, -61
2963, -5
2964, 4
2965, 1
2966, -31
2967, -85
2968, -141
2969, -216
2970, -255
2971, -259
2972, -239
2973, -186
2974, -137
2975, -80
2976, -19
2977, -12
2978, -25
2979, -52
2980, -89
2981, -112
2982, -115
2983, -128
2984, -142
2985, -148
2986, -154
2987, -164
2988, -155
2989, -134
2990, -102
2991, -46
2992, -11
2993, -14
2994, -63
2995, -136
2996, -187
2997, -232
2998, -225
2999, -172
3000, -130
3001, -88
3002, -61
3003, -61
3004, -60
3005, -49
3006, -48
3007, -45
3008, -74
3009, -129
3010, -161
3011, -172
3012, -167
3013, -153
3014, -132
3015, -129
3016, -124
3017, -126
3018, -136
3019, -137
3020, -137
3021, -118
3022, -96
3023, -97
3024, -121
3025, -147
3026, -154
3027, -132
3028, -91
3029, -66
3030, -59
3031, -63
3032, -81
3033, -103
3034, -111
3035, -113
3036, -119
3037, -125
3038, -149
3039, -175
3040, -194
3041, -204
3042, -185
3043, -136
3044, -69
3045, 6
3046, 35
3047, 12
3048, -26
3049, -63
3050, -97
3051, -122
3052, -146
3053, -159
3054, -160
3055, -166
3056, -178
3057, -183
3058, -172
3059, -158
3060, -136
3061, -99
3062, -41
3063, 12
3064, 36
3065, 26
3066, -5
3067, -61
3068, -154
3069, -211
3070, -220
3071, -212
3072, -178
3073, -143
3074, -113
3075, -86
3076, -64
3077, -33
3078, -9
3079, -4
3080, -1
3081, -30
3082, -89
3083, -138
3084, -181
3085, -228
3086, -260
3087, -255
3088, -200
3089, -122
3090, -31
3091, 60
3092, 113
3093, 124
3094, 54
3095, -70
3096, -182
3097, -271
3098, -306
3099, -306
3100, -258
3101, -200
3102, -146
3103, -79
3104, -34
3105, 19
3106, 66
3107, 93
3108, 80
3109, 30
3110, -47
3111, -154
3112, -237
3113, -292
3114, -293
3115, -255
3116, -200
3117, -149
3118, -104
3119, -65
3120, -38
3121, -18
3122, -9
3123, -13
3124, -19
3125, -33
3126, -70
3127, -119
3128, -159
3129, -185
3130, -181
3131, -154
3132, -150
3133, -147
3134, -132
3135, -115
3136, -106
3137, -102
3138, -118
3139, -144
3140, -142
3141, -131
3142, -123
3143, -99
3144, -70
3145, -63
3146, -76
3147, -88
3148, -90
3149, -109
3150, -134
3151, -145
3152, -130
3153, -100
3154, -55
3155, -22
3156, -28
3157, -46
3158, -72
3159, -100
3160, -144
3161, -180
3162, -196
3163, -194
3164, -179
3165, -155
3166, -127
3167, -91
3168, -62
3169, -38
3170, -21
3171, -24
3172, -38
3173, -52
3174, -67
3175, -85
3176, -104
3177, -115
3178, -127
3179, -144
3180, -150
3181, -182
3182, -205
3183, -193
3184, -146
3185, -105
3186, -81
3187, -59
3188, -49
3189, -42
3190, -41
3191, -53
3192, -84
3193, -98
3194, -119
3195, -157
3196, -194
3197, -218
3198, -198
3199, -157
3200, -107
3201, -46
3202, -4
3203, 15
3204, -2
3205, -61
3206, -143
3207, -209
3208, -235
3209, -214
3210, -170
3211, -123
3212, -86
3213, -70
3214, -76
3215, -91
3216, -104
3217, -103
3218, -115
3219, -123
3220, -111
3221, -105
3222, -109
3223, -113
3224, -108
3225, -113
3226, -105
3227, -96
3228, -109
3229, -116
3230, -115
3231, -123
3232, -104
3233, -77
3234, -60
3235, -62
3236, -88
3237, -118
3238, -141
3239, -173
3240, -201
3241, -220
3242, -224
3243, -215
3244, -203
3245, -168
3246, -111
3247, -18
3248, 56
3249, 87
3250, 72
3251, 0
3252, -90
3253, -185
3254, -249
3255, -252
3256, -223
3257, -188
3258, -136
3259, -105
3260, -93
3261, -72
3262, -69
3263, -87
3264, -116
3265, -151
3266, -179
3267, -184
3268, -165
3269, -152
3270, -119
3271, -65
3272, -36
3273, -2
3274, 1
3275, -29
3276, -76
3277, -132
3278, -153
3279, -149
3280, -149
3281, -160
3282, -183
3283, -201
3284, -217
3285, -209
3286, -155
3287, -77
3288, -13
3289, 28
3290, 35
3291, 13
3292, -23
3293, -64
3294, -79
3295, -101
3296, -126
3297, -157
3298, -206
3299, -245
3300, -252
3301, -217
3302, -158
3303, -86
3304, -25
3305, 8
3306, 2
3307, -37
3308, -73
3309, -102
3310, -129
3311, -142
3312, -132
3313, -116
3314, -109
3315, -93
3316, -74
3317, -68
3318, -93
3319, -124
3320, -145
3321, -177
3322, -202
3323, -221
3324, -225
3325, -202
3326, -137
3327, -72
3328, -18
3329, 9
3330, -5
3331, -50
3332, -108
3333, -166
3334, -195
3335, -199
3336, -186
3337, -155
3338, -134
3339, -114
3340, -113
3341, -119
3342, -104
3343, -83
3344, -59
3345, -47
3346, -57
3347, -84
3348, -120
3349, -146
3350, -172
3351, -179
3352, -167
3353, -147
3354, -115
3355, -107
3356, -124
3357, -135
3358, -142
3359, -120
3360, -79
3361, -57
3362, -41
3363, -39
3364, -49
3365, -66
3366, -88
3367, -98
3368, -119
3369, -153
3370, -172
3371, -180
3372, -189
3373, -186
3374, -165
3375, -116
3376, -54
3377, -12
3378, 1
3379, -7
3380, -10
3381, -15
3382, -48
3383, -124
3384, -218
3385, -280
3386, -300
3387, -270
3388, -215
3389, -145
3390, -97
3391, -59
3392, -33
3393, -47
3394, -70
3395, -77
3396, -76
3397, -68
3398, -65
3399, -73
3400, -84
3401, -117
3402, -160
3403, -194
3404, -212
3405, -209
3406, -193
3407, -179
3408, -156
3409, -122
3410, -103
3411, -79
3412, -66
3413, -70
3414, -78
3415, -80
3416, -77
3417, -66
3418, -52
3419, -40
3420, -41
3421, -71
3422, -122
3423, -180
3424, -212
3425, -227
3426, -219
3427, -190
3428, -159
3429, -123
3430, -96
3431, -69
3432, -57
3433, -47
3434, -34
3435, -46
3436, -58
3437, -70
3438, -99
3439, -149
3440, -181
3441, -179
3442, -160
3443, -127
3444, -102
3445, -100
3446, -126
3447, -162
3448, -160
3449, -140
3450, -125
3451, -82
3452, -37
3453, -12
3454, -6
3455, -31
3456, -60
3457, -74
3458, -98
3459, -132
3460, -175
3461, -218
3462, -249
3463, -250
3464, -240
3465, -187
3466, -92
3467, -16
3468, 45
3469, 74
3470, 61
3471, -6
3472, -99
3473, -196
3474, -249
3475, -248
3476, -205
3477, -150
3478, -122
3479, -94
3480, -81
3481, -56
3482, -60
3483, -85
3484, -108
3485, -135
3486, -160
3487, -173
3488, -159
3489, -129
3490, -90
3491, -48
3492, -39
3493, -54
3494, -82
3495, -107
3496, -113
3497, -110
3498, -114
3499, -130
3500, -151
3501, -160
3502, -181
3503, -191
3504, -160
3505, -105
3506, -48
3507, -24
3508, -28
3509, -77
3510, -133
3511, -150
3512, -144
3513, -109
3514, -78
3515, -50
3516, -44
3517, -67
3518, -95
3519, -120
3520, -144
3521, -125
3522, -96
3523, -75
3524, -67
3525, -85
3526, -116
3527, -164
3528, -211
3529, -216
3530, -174
3531, -113
3532, -43
3533, 1
3534, 8
3535, -20
3536, -68
3537, -107
3538, -132
3539, -146
3540, -165
3541, -160
3542, -157
3543, -151
3544, -140
3545, -137
3546, -120
3547, -108
3548, -98
3549, -81
3550, -43
3551, -20
3552, -26
3553, -47
3554, -86
3555, -127
3556, -171
3557, -218
3558, -238
3559, -216
3560, -145
3561, -61
3562, 2
3563, 36
3564, 15
3565, -28
3566, -56
3567, -62
3568, -71
3569, -76
3570, -103
3571, -154
3572, -197
3573, -239
3574, -252
3575, -211
3576, -123
3577, -31
3578, 45
3579, 68
3580, 26
3581, -43
3582, -111
3583, -175
3584, -216
3585, -232
3586, -225
3587, -196
3588, -147
3589, -91
3590, -22
3591, 42
3592, 64
3593, 41
3594, -13
3595, -103
3596, -190
3597, -235
3598, -254
3599, -231
3600, -188
3601, -142
3602, -103
3603, -82
3604, -72
3605, -58
3606, -29
3607, -7
3608, -7
3609, -38
3610, -89
3611, -119
3612, -129
3613, -141
3614, -162
3615, -181
3616, -209
3617, -227
3618, -229
3619, -208
3620, -146
3621, -62
3622, 11
3623, 52
3624, 52
3625, 24
3626, -26
3627, -81
3628, -158
3629, -226
3630, -261
3631, -262
3632, -223
3633, -172
3634, -109
3635, -59
3636, -30
3637, -13
3638, -34
3639, -62
3640, -87
3641, -135
3642, -168
3643, -188
3644, -200
3645, -199
3646, -181
3647, -145
3648, -94
3649, -46
3650, -10
3651, 8
3652, 1
3653, -27
3654, -82
3655, -143
3656, -179
3657, -203
3658, -201
3659, -190
3660, -174
3661, -135
3662, -111
3663, -86
3664, -59
3665, -44
3666, -30
3667, -28
3668, -36
3669, -58
3670, -84
3671, -81
3672, -86
3673, -107
3674, -108
3675, -115
3676, -125
3677, -136
3678, -139
3679, -136
3680, -131
3681, -115
3682, -99
3683, -102
3684, -99
3685, -89
3686, -85
3687, -87
3688, -81
3689, -74
3690, -86
3691, -90
3692, -89
3693, -95
3694, -117
3695, -134
3696, -122
3697, -84
3698, -52
3699, -57
3700, -97
3701, -152
3702, -193
3703, -218
3704, -229
3705, -207
3706, -166
3707, -111
3708, -58
3709, -30
3710, -27
3711, -35
3712, -60
3713, -80
3714, -86
3715, -97
3716, -89
3717, -86
3718, -111
3719, -155
3720, -196
3721, -219
3722, -218
3723, -186
3724, -130
3725, -58
3726, -5
3727, 7
3728, -7
3729, -32
3730, -67
3731, -106
3732, -149
3733, -175
3734, -194
3735, -199
3736, -195
3737, -190
3738, -175
3739, -155
3740, -131
3741, -105
3742, -66
3743, -36
3744, -39
3745, -47
3746, -57
3747, -70
3748, -93
3749, -131
3750, -177
3751, -220
3752, -255
3753, -267
3754, -240
3755, -196
3756, -131
3757, -50
3758, 23
3759, 56
3760, 38
3761, 5
3762, -51
3763, -113
3764, -156
3765, -167
3766, -175
3767, -166
3768, -144
3769, -112
3770, -91
3771, -103
3772, -130
3773, -152
3774, -163
3775, -172
3776, -169
3777, -174
3778, -169
3779, -157
3780, -138
3781, -109
3782, -79
3783, -34
3784, -1
3785, 4
3786, -18
3787, -56
3788, -109
3789, -171
3790, -214
3791, -232
3792, -236
3793, -215
3794, -163
3795, -98
3796, -38
3797, 4
3798, 14
3799, -5
3800, -41
3801, -87
3802, -138
3803, -197
3804, -253
3805, -284
3806, -281
3807, -249
3808, -183
3809, -111
3810, -35
3811, 28
3812, 68
3813, 71
3814, 44
3815, 13
3816, -26
3817, -69
3818, -137
3819, -215
3820, -257
3821, -268
3822, -256
3823, -208
3824, -144
3825, -91
3826, -66
3827, -46
3828, -55
3829, -67
3830, -69
3831, -76
3832, -80
3833, -101
3834, -127
3835, -153
3836, -157
3837, -141
3838, -123
3839, -101
3840, -79
3841, -83
3842, -105
3843, -158
3844, -190
3845, -189
3846, -189
3847, -185
3848, -179
3849, -183
3850, -153
3851, -113
3852, -70
3853, -22
3854, -7
3855, 2
3856, -5
3857, -46
3858, -112
3859, -176
3860, -227
3861, -276
3862, -300
3863, -309
3864, -290
3865, -249
3866, -183
3867, -88
3868, -9
3869, 58
3870, 99
3871, 97
3872, 61
3873, -9
3874, -119
3875, -226
3876, -308
3877, -333
3878, -303
3879, -254
3880, -188
3881, -127
3882, -70
3883, -26
3884, -6
3885, -19
3886, -35
3887, -47
3888, -75
3889, -104
3890, -124
3891, -156
3892, -182
3893, -181
3894, -167
3895, -143
3896, -122
3897, -111
3898, -108
3899, -102
3900, -115
3901, -126
3902, -117
3903, -113
3904, -95
3905, -85
3906, -101
3907, -119
3908, -116
3909, -107
3910, -85
3911, -52
3912, -51
3913, -91
3914, -146
3915, -200
3916, -214
3917, -175
3918, -107
3919, -61
3920, -51
3921, -45
3922, -62
3923, -108
3924, -165
3925, -196
3926, -174
3927, -115
3928, -62
3929, -43
3930, -70
3931, -103
3932, -116
3933, -122
3934, -102
3935, -84
3936, -91
3937, -112
3938, -150
3939, -198
3940, -237
3941, -250
3942, -226
3943, -164
3944, -105
3945, -73
3946, -61
3947, -82
3948, -101
3949, -101
3950, -89
3951, -73
3952, -59
3953, -68
3954, -104
3955, -175
3956, -231
3957, -233
3958, -203
3959, -158
3960, -126
3961, -97
3962, -94
3963, -122
3964, -162
3965, -201
3966, -215
3967, -179
3968, -115
3969, -61
3970, -22
3971, -8
3972, -18
3973, -35
3974, -57
3975, -72
3976, -96
3977, -130
3978, -187
3979, -276
3980, -349
3981, -368
3982, -333
3983, -227
3984, -82
3985, 60
3986, 154
3987, 159
3988, 117
3989, 46
3990, -42
3991, -113
3992, -183
3993, -221
3994, -248
3995, -264
3996, -249
3997, -209
3998, -153
3999, -103
4000, -67
4001, -58
4002, -60
4003, -64
4004, -73
4005, -87
4006, -107
4007, -128
4008, -141
4009, -141
4010, -147
4011, -150
4012, -140
4013, -107
4014, -63
4015, -53
4016, -63
4017, -100
4018, -143
4019, -170
4020, -185
4021, -161
4022, -138
4023, -116
4024, -94
4025, -97
4026, -104
4027, -111
4028, -105
4029, -104
4030, -127
4031, -166
4032, -202
4033, -201
4034, -159
4035, -95
4036, -37
4037, -15
4038, -25
4039, -42
4040, -63
4041, -62
4042, -46
4043, -46
4044, -70
4045, -137
4046, -220
4047, -260
4048, -265
4049, -233
4050, -179
4051, -120
4052, -75
4053, -38
4054, -10
4055, -12
4056, -34
4057, -76
4058, -99
4059, -123
4060, -169
4061, -201
4062, -206
4063, -197
4064, -167
4065, -131
4066, -86
4067, -47
4068, -33
4069, -34
4070, -63
4071, -103
4072, -136
4073, -172
4074, -193
4075, -197
4076, -176
4077, -143
4078, -106
4079, -81
4080, -87
4081, -85
4082, -69
4083, -37
4084, -8
4085, 7
4086, -6
4087, -63
4088, -132
4089, -211
4090, -247
4091, -230
4092, -189
4093, -148
4094, -128
4095, -135
