  2634
  2627
  2712
  2779
  2745
  2793
  2837
  2986
  3165
  3296
  3178
  3098
  3195
  3332
  3333
  3357
  3203
  2940
  3274
  3448
  3279
  2974
  3106
  2979
  2849
  2948
  2890
  2745
  2667
  2598
  2565
  2549
  2531
  2527
  2523
  2517
  2610
  2581
  2549
  2569
  2513
  2494
  2471
  2486
  2489
  2472
  2465
  2452
  2446
  2470
  2507
  2545
  2549
  2540
  2552
  2514
  2492
  2477
  2479
  2477
  2481
  2513
  2515
  2529
  2525
  2521
  2531
  2539
  2542
  2544
  2543
  2555
  2567
  2576
  2579
  2586
  2579
  2582
  2590
  2598
  2608
  2617
  2620
  2642
  2658
  2672
  2683
  2699
  2717
  2722
  2743
  2785
  2816
  2804
  2857
  3083
  3303
  3033
  2873
  2904
  2887
  2788
  2996
  3032
  2969
  3095
  3126
  3198
  3158
  3076
  3027
  2976
  3024
  2966
  2712
  2638
  2614
  2616
  2610
  2579
  2523
  2526
  2525
  2525
  2525
  2525
  2622
  2525
  2525
  2621
  2699
  2808
  2821
  2997
  3000
  3065
  3170
  3171
  3147
  3059
  3145
  3253
  3389
  3463
  3427
  3456
  3637
  3427
  3479
  3464
  3599
  3416
  3210
  3058
  2986
  2934
  3062
  3147
  2900
  2919
  2862
  2713
  2828
  2956
  2947
  3122
  3023
  3014
  2997
  3041
  2954
  2828
  2825
  2915
  2830
  2768
  2712
  2622
  2660
  2641
  2600
  2509
  2335
  2302
  2203
  2195
  2070
  2268
  2294
  2264
  2292
  2296
  2423
  2303
  2259
  2212
  2198
  2186
  2135
  2174
  2237
  2244
  2236
  2239
  2314
  2248
  2270
  2197
  2157
  2310
  2336
  2218
  2178
  2220
  1937
  2135
  2188
  2017
  2062
  2009
  2058
  1934
  1782
  1787
  1782
  1811
  1814
  1821
  1845
  1830
  1850
  1945
  1933
  1908
  1911
  1961
  1903
  1948
  1896
  1855
  1860
  1840
  1869
  1881
  1947
  1966
  1982
  2036
  2059
  2048
  2021
  1995
  2012
  2188
  2192
  2209
  2101
  2125
  2144
  2166
  2189
  2155
  2218
  2172
  2153
  2209
  2194
  2197
  2195
  2181
  2172
  2183
  2204
  2215
  2241
  2280
  2267
  2266
  2263
  2241
  2258
  2281
  2304
  2317
  2292
  2306
  2317
  2286
  2252
  2234
  2216
  2216
  2201
  2178
  2155
  2133
  2114
  2093
  2075
  2055
  2043
  2042
  2018
  2001
  1995
  1989
  1961
  1958
  1944
  1927
  1917
  1921
  1908
  1889
  1879
  1865
  1851
  1839
  1828
  1816
  1807
  1799
  1790
  1775
  1766
  1768
  1782
  1798
  1817
  1824
  1825
  1839
  1841
  1826
  1808
  1785
  1762
  1750
  1748
  1777
  1769
  1764
  1755
  1748
  1740
  1738
  1728
  1723
  1713
  1701
  1691
  1686
  1672
  1664
  1666
  1659
  1650
  1641
  1629
  1624
  1616
  1608
  1599
  1597
  1584
  1578
  1573
  1564
  1556
  1549
  1540
