  2430
  1811
  1817
  1823
  1827
  1815
  1794
  1805
  1826
  1838
  1855
  1847
  1844
  1854
  1864
  1872
  1871
  1867
  1867
  1874
  1876
  1868
  1871
  1886
  1885
  1885
  1897
  1904
  1908
  1910
  1906
  1914
  1910
  1915
  1916
  1916
  1918
  1903
  1908
  1904
  1908
  1914
  1898
  1871
  1867
  1864
  1861
  1847
  1835
  1830
  1829
  1817
  1806
  1791
  1789
  1781
  1781
  1784
  1788
  1803
  1805
  1795
  1808
  1810
  1828
  1859
  1847
  1839
  1818
  1823
  1817
  1806
  1795
  1774
  1763
  1757
  1750
  1748
  1749
  1745
  1743
  1733
  1731
  1740
  1760
  1776
  1769
  1784
  1757
  1757
  1755
  1751
  1747
  1744
  1745
  1758
  1740
  1721
  1738
  1721
  1720
  1718
  1714
  1708
  1732
  1743
  1770
  1768
  1763
  1758
  1753
  1762
  1751
  1739
  1739
  1733
  1726
  1719
  1726
  1724
  1718
  1717
  1702
  1698
  1688
  1693
  1670
  1684
  1683
  1674
  1674
  1663
  1652
  1657
  1635
  1646
  1644
  1643
  1628
  1617
  1616
  1607
  1611
  1595
  1595
  1594
  1603
  1603
  1600
  1602
  1608
  1613
  1609
  1606
  1625
  1622
  1619
  1615
  1600
  1587
  1597
  1599
  1606
  1619
  1623
  1619
  1610
  1604
  1602
  1592
  1583
  1582
  1576
  1570
  1563
  1561
  1556
  1549
  1542
  1531
  1527
  1527
  1528
  1526
  1523
  1513
  1516
  1510
  1512
  1506
  1499
  1499
  1503
  1503
  1494
  1488
  1488
  1485
  1486
  1484
  1482
  1484
  1489
  1495
  1488
  1492
  1491
  1487
  1479
  1471
  1467
  1488
  1483
  1471
  1462
  1460
  1459
  1459
  1457
  1457
  1456
  1463
  1460
  1460
  1465
  1456
  1456
  1454
  1453
  1452
  1454
  1453
  1448
  1446
  1439
  1438
  1438
  1438
  1433
  1437
  1436
  1434
  1439
  1429
  1426
  1428
  1420
  1433
  1426
  1429
  1426
  1427
  1425
  1423
  1416
  1416
  1414
  1412
  1412
  1410
  1408
  1408
  1405
  1406
  1403
  1401
  1399
  1401
  1400
  1396
  1391
  1389
  1389
  1389
  1388
  1386
  1385
  1383
  1381
  1378
  1377
  1373
  1374
  1376
  1372
  1375
  1366
  1359
  1362
  1373
  1372
  1370
  1368
  1366
  1365
  1364
  1359
  1363
  1361
  1360
  1359
  1361
  1362
  1356
  1353
  1331
  1324
  1326
  1333
  1344
  1342
  1339
  1343
  1348
  1351
  1354
  1364
  1369
  1373
  1375
  1377
  1390
  1398
  1412
  1418
  1422
  1420
  1419
  1430
  1434
  1434
  1452
  1466
  1478
  1489
  1487
  1487
  1493
  1496
  1493
  1489
  1485
  1475
  1483
  1488
  1490
  1496
  1496
  1496
  1493
  1491
  1494
  1495
  1500
  1507
  1513
  1514
  1514
  1512
  1510
  1516
  1504
  1507
  1495
  1479
  1484
  1484
  1488
  1488
  1487
  1495
