0.7321
0.7032
0.7974
0.6560
0.7395
0.7147
0.7575
0.7102
0.7316
0.6811
0.6927
0.6787
0.6715
0.6926
0.6753
0.7163
0.7355
0.6796
0.6986
0.7565
0.6830
0.7715
0.7611
0.7360
0.7830
0.7741
0.6596
0.8188
0.7627
0.7849
0.6811
0.7342
0.6855
0.7454
0.7117
0.7390
0.7330
0.7392
0.6971
0.7326
0.7509
0.6997
0.7041
0.7276
0.6817
0.6573
0.7311
0.7017
0.6980
0.7246
0.7247
0.7273
0.7224
0.7884
0.6894
0.6733
0.6762
0.7074
0.7505
0.7727
0.7396
0.7082
0.7545
0.6760
0.6775
0.7117
0.7086
0.7085
0.6979
0.7035
0.6380
0.6998
0.7323
0.7468
0.7458
0.6939
0.7700
0.7005
0.6759
0.6588
0.7165
0.7088
0.7842
0.7307
0.7385
0.7297
0.6973
0.6668
0.8035
0.8071
0.7082
0.7077
0.6835
0.6547
0.7057
0.7298
0.7057
0.7222
0.6729
0.6911
0.7362
0.7219
0.7195
0.6838
0.7229
0.6897
0.7354
0.7494
0.7398
0.7073
0.7383
0.7739
0.7437
0.6927
0.6429
0.6496
0.7445
0.8016
0.7909
0.7358
0.7041
0.7626
0.7430
0.7352
0.6972
0.7316
0.7178
0.6950
0.6607
0.6823
0.6986
0.6832
0.7114
0.7243
0.7486
0.7750
0.7611
0.6939
0.7498
0.6813
0.7493
0.7283
0.7181
0.6718
0.6911
0.6652
0.6856
0.6876
0.7052
0.7151
0.7436
0.7378
0.7667
0.7332
0.7952
0.7010
0.7301
0.6756
0.7915
0.7058
0.7392
0.7210
0.7245
0.7124
0.7664
0.6994
0.7466
0.7221
0.7488
0.7250
0.7218
0.7761
0.7212
0.7182
0.6609
0.6522
0.7256
0.6815
0.6607
0.7092
0.7012
0.6971
0.7454
0.7265
0.6953
0.7848
0.7142
0.7516
0.7623
0.7133
0.6601
0.6880
0.6834
0.7142
0.6746
0.6848
0.7356
0.7139
0.7512
0.7100
0.7579
0.7401
0.6771
0.7309
0.6997
0.6678
0.7000
0.7433
0.7530
0.6864
0.7072
0.6681
0.6692
0.6722
0.7069
0.7320
0.7310
0.7536
0.6853
0.7016
0.6855
0.7084
0.6968
0.7010
0.6872
0.7643
0.7563
0.6509
0.7365
0.6602
0.6972
0.7143
0.7281
0.7441
0.6986
0.8373
0.7324
0.7501
0.7478
0.6736
0.7019
0.6949
0.6746
0.6367
0.7559
0.6692
0.6602
0.6882
0.7083
0.7170
0.7278
0.7220
0.6853
0.7337
0.7350
0.8260
0.6717
0.7788
0.7156
0.7658
0.7077
0.7152
0.7066
0.7308
0.6763
0.7243
0.6543
0.7447
0.7243
0.7126
0.7964
0.7428
0.7667
0.7507
0.7076
0.6670
0.6779
0.6724
0.7077
0.7191
0.6817
0.7592
0.7157
0.7197
0.7307
0.7380
0.7059
0.7257
0.6744
0.6661
0.7258
0.7309
0.7025
0.7147
0.7670
0.7482
0.7258
0.7397
0.6917
0.7834
0.6869
0.7296
0.7147
0.7339
0.7372
0.7409
0.7108
0.7895
0.7414
0.7246
0.7220
0.7235
0.7231
0.6712
0.7194
0.7457
0.7468
0.7140
0.7014
0.7506
0.7443
0.7774
0.7361
0.7018
0.7120
0.7413
0.6929
0.6874
0.7090
0.6827
0.7634
0.7061
0.7261
0.7440
0.7660
0.7865
0.7670
0.7822
0.8099
0.6866
0.7105
0.7597
0.6884
0.6858
0.6669
0.7441
0.7232
0.8288
0.7333
0.7100
0.7446
0.6903
0.7426
0.6907
0.7773
0.7364
0.7155
0.7397
0.7461
0.6834
0.6615
0.6683
0.6954
0.6898
0.6759
0.7198
0.7381
0.6977
0.6744
0.6869
0.6493
0.6734
0.6871
0.7474
0.7929
0.6969
0.6944
0.6889
0.6990
0.6841
0.7660
0.7119
0.7450
0.6773
0.6561
0.7091
0.7033
0.7289
0.7160
0.7481
0.7559
0.7443
0.7022
0.7393
0.6964
0.6912
0.6644
0.6611
0.6834
0.6587
0.6982
0.6893
0.6966
0.6927
0.7145
0.7445
0.7047
0.7460
0.7205
0.7543
0.6909
0.7339
0.6442
0.6559
0.6673
0.7385
0.7381
0.7117
0.7579
0.7354
0.7265
0.6735
0.7222
0.6503
0.6848
0.7107
0.6763
0.6506
0.6252
0.7621
0.7035
0.7418
0.7656
0.7455
0.7465
0.7295
0.7266
0.6972
0.6686
0.6732
0.6687
0.6965
0.6854
0.7296
0.6573
0.7227
0.7427
0.7859
0.7475
0.7146
0.7750
0.7567
0.7240
0.7733
0.7964
0.7248
0.7764
0.7364
0.7220
0.7500
0.7527
0.7525
0.7146
0.7326
0.6780
0.7234
0.6969
0.6466
0.6764
0.6630
0.6938
0.7217
0.6815
0.7195
0.7241
0.7077
0.6876
0.6661
0.7098
0.6816
0.6777
0.7474
0.7678
0.7192
0.7473
0.7614
0.7391
0.6596
0.7478
0.7165
0.6685
0.6828
0.6871
0.6713
0.6803
0.6712
0.6504
0.7035
0.6974
0.7549
0.7618
0.7554
0.7785
0.7662
0.7211
0.7681
0.7652
0.7573
0.7863
0.7430
0.7637
0.7545
0.7447
0.6806
0.7159
0.7017
0.6822
0.6391
0.6687
0.7116
0.7474
0.7634
0.7188
0.7891
0.7251
0.7493
0.6379
0.6613
0.6799
0.6818
0.6841
0.7236
0.7375
0.7413
0.7244
0.7430
0.7301
0.6593
0.7555
0.6705
0.6719
0.6584
0.6573
0.6861
0.6611
0.7439
0.7325
0.8304
0.7615
0.7630
0.7175
0.7005
0.7315
0.6987
0.6925
0.7264
0.7145
0.6692
0.7255
0.7651
0.8208
0.7708
0.7621
0.7151
0.6991
0.7376
0.7442
0.7289
0.6709
0.6922
0.7515
0.7063
0.6505
0.6756
0.6796
0.7223
0.6851
0.7115
0.7864
0.7763
0.7798
0.7808
0.7259
0.7695
0.7626
0.7978
0.7262
0.7560
0.7706
0.8214
0.8355
0.7688
0.7696
0.7768
0.8310
0.7859
0.7950
0.7583
0.7573
0.7724
0.7781
0.7711
0.7602
0.8326
0.7817
0.7853
0.7863
0.7927
0.7263
0.7610
0.7834
0.7979
0.7713
0.7316
0.7617
0.7602
0.7530
0.7725
0.7206
0.7771
0.6991
0.7217
0.6421
0.6745
0.7585
0.7410
0.7622
0.7729
0.7461
0.7404
0.7732
0.7113
0.7815
0.7041
0.7861
0.6762
0.7161
0.7262
0.7340
0.6718
0.7369
0.7219
0.7033
0.7506
0.7634
0.6790
0.7609
0.7659
0.7571
0.8558
0.7599
0.7691
0.7657
0.7206
0.8204
0.7029
0.7238
0.7649
0.7511
0.8122
0.8204
0.7492
0.8194
0.7085
0.7007
0.7473
0.7346
0.7641
0.7749
0.7714
0.7577
0.7566
0.7382
0.7583
0.7347
0.7994
0.8518
0.7755
0.7840
0.7174
0.7134
0.6640
0.7087
0.6938
0.7489
0.7565
0.7866
0.7686
0.7546
0.7926
0.8079
0.7988
0.7552
0.7225
0.7695
0.7178
0.7394
0.7854
0.7186
0.8471
0.8534
0.8531
0.8190
0.9484
0.8513
0.8651
0.8716
0.8417
0.8462
0.8278
0.8438
0.7939
0.7944
0.7857
0.7825
0.8029
0.7809
0.8347
0.8056
0.8353
0.8130
0.8016
0.8155
0.8343
0.8621
0.8070
0.8298
0.7834
0.8090
0.8596
0.8238
0.7844
0.8699
0.8239
0.7874
0.8097
0.8053
0.7805
0.8618
0.8137
0.7817
0.8118
0.7319
0.8052
0.7823
0.7958
0.8503
0.8147
0.8625
0.7906
0.8036
0.8439
0.9178
0.9318
0.8198
0.8388
0.8964
0.8036
0.8938
0.7844
0.7763
0.8474
0.8312
0.8361
0.8106
0.8542
0.8218
0.8358
0.8565
0.8411
0.8901
0.8253
0.7811
0.7549
0.7413
0.7926
0.8016
0.7779
0.8093
0.7841
0.8485
0.7833
0.7482
0.7610
0.7761
0.7872
0.7804
0.7911
0.7835
0.7798
0.7799
0.7070
0.7588
0.7705
0.7848
0.8001
0.7401
0.7460
0.7653
0.8121
0.7949
0.7915
0.8091
0.8414
0.8192
0.7727
0.7806
0.7448
0.8586
0.7693
0.7999
0.7681
0.7479
0.7662
0.8004
0.7826
0.8580
0.8215
0.7701
0.7933
0.7997
0.7437
0.8461
0.7902
0.8150
0.8529
0.8428
0.8305
0.8355
0.8054
0.8229
0.8164
0.8264
0.8182
0.7550
0.8150
0.8440
0.8612
0.8644
0.8622
0.8506
0.8152
0.8577
0.8232
0.8562
0.8609
0.9006
0.8593
0.8967
0.8844
0.9036
1.0231
0.8739
0.8900
0.8586
0.8462
0.8695
0.9684
0.7678
0.8132
0.8391
0.8459
0.8299
0.8464
0.7980
0.8159
0.9052
0.8469
0.9031
0.8133
0.8601
0.8818
0.9101
0.9017
0.8271
0.8600
0.8423
0.9150
0.8650
0.9318
0.8809
0.9843
0.8746
0.9845
0.8860
0.9502
0.9285
0.9036
0.8046
0.8942
0.9359
0.8975
0.8991
0.9002
0.9261
0.8894
0.8712
0.8569
0.8905
0.8255
0.8868
0.8362
0.8702
0.9367
0.8537
0.8692
0.9098
0.8714
0.9028
0.9320
0.9489
0.8623
0.9106
0.9126
0.8979
0.9638
0.9933
0.9693
0.9370
0.9706
1.0006
0.9280
1.0233
1.0274
0.9845
0.9600
0.9111
0.8690
0.8666
0.9538
0.9877
0.8705
0.9703
0.9419
1.0523
0.9710
0.9937
1.0615
1.0335
1.0264
0.9687
1.0998
1.0440
1.0973
0.9752
1.0763
1.0454
0.9578
0.9731
1.0060
0.9966
1.0510
1.1595
1.1483
1.1685
1.0299
1.1952
1.1167
1.1554
1.0769
1.2398
1.2852
1.2067
1.2337
1.1862
1.2336
1.2736
1.4137
1.4196
1.9044
1.9229
2.3984
2.2479
2.3748
2.1938
5.0594
3.6599
2.4411
2.2695
5.7620
2.8741
3.6190
0.0106
0.0110
