-0.754327
-0.143060
0.287508
-0.064209
0.377003
-0.892225
0.874523
0.369029
0.367819
0.817940
-0.614100
-0.335497
0.816668
-0.269073
0.823991
0.848696
-0.668899
-0.694854
-0.404721
-0.255508
0.029710
0.026111
0.063321
0.458544
0.396091
0.017602
0.228088
0.844804
-0.188757
0.154866
0.614818
-0.251537
-0.334857
0.328842
-0.890240
-0.157114
-0.882754
-0.497758
-0.329227
-0.206556
0.032487
0.726023
0.633515
-0.515990
0.674342
0.638374
-0.186392
0.173719
0.009899
0.755115
0.271829
-0.453018
-0.338800
-0.217136
0.589442
0.377990
-0.084326
0.121260
-0.533539
-0.844540
-0.410253
-0.152099
-0.844232
0.522256
0.415803
0.769131
0.264728
-0.711494
-0.271087
0.879145
0.085701
0.770442
0.233680
0.270261
-0.537247
0.815525
0.268700
-0.252110
-0.021278
0.846336
-0.763255
0.755704
0.764174
-0.958006
0.114741
-0.523903
0.788555
0.800106
0.358751
0.416463
-0.996833
-0.623732
-0.311755
-0.994060
0.128822
0.992410
0.510150
-0.847920
-0.503412
0.130562
0.428155
-0.582131
-0.895309
-0.298824
0.538847
-0.934538
-0.925878
0.985477
-0.003626
0.825982
0.273865
-0.021479
-0.160796
-0.979027
0.401406
0.375724
-0.190232
-0.724410
0.482298
0.812990
-0.503573
0.838059
0.469785
0.243022
-0.529675
-0.329955
0.185832
-0.738479
-0.297124
0.766271
-0.467457
-0.085787
0.781149
0.836639
0.450398
-0.154495
-0.203399
0.117552
0.937474
0.375051
0.773970
-0.729220
0.264815
0.455332
0.114746
-0.035856
0.764431
-0.667798
-0.432812
-0.449157
-0.600923
0.786046
-0.275094
0.744383
-0.777852
0.844234
-0.005110
0.514293
0.722734
-0.418191
-0.947962
-0.530505
-0.376571
0.645733
-0.692857
0.325224
-0.554446
0.820037
0.319144
0.523960
-0.849375
-0.779387
-0.528570
0.202085
-0.602747
0.083382
0.013477
-0.559989
-0.783533
-0.839459
-0.728080
-0.949573
0.830893
0.448075
0.123045
0.210085
-0.830308
-0.595564
-0.981007
-0.513482
-0.615977
-0.206234
0.891531
-0.625698
0.501758
-0.925967
0.908581
0.948730
0.529770
0.851075
-0.087286
0.290431
0.043442
0.891497
-0.755672
-0.732706
0.349824
0.796399
-0.594488
-0.539738
-0.877643
0.017448
0.293099
-0.454555
-0.402327
0.361809
-0.849537
0.548688
0.205232
0.347507
0.554919
-0.126334
0.542803
0.601911
0.843742
-0.658942
-0.695136
0.987633
-0.579746
-0.371095
0.970964
0.134851
0.988294
0.265631
-0.817310
0.527868
0.144327
0.457950
0.987913
0.769006
-0.173164
0.323683
0.924889
0.112213
-0.154796
-0.841573
0.976490
0.950182
0.574012
-0.303932
0.445861
0.914437
0.765301
-0.284455
0.596966
-0.523675
-0.991669
-0.167125
0.476165
-0.791763
-0.038735
-0.141658
0.744102
0.545763
-0.123878
-0.843842
0.910369
0.831118
-0.185994
0.373289
-0.314466
0.330235
-0.324010
0.365726
0.754759
0.600361
0.422923
-0.106662
-0.624967
0.443525
0.126777
-0.025887
-0.458834
-0.531514
0.071749
0.416759
-0.736372
-0.010345
-0.654047
-0.006070
0.253170
0.690366
-0.131981
0.644117
0.917775
-0.537110
0.894651
0.429637
-0.649656
-0.968131
-0.113956
-0.205448
0.615276
-0.997366
0.404978
0.176388
0.795701
0.841852
0.797682
0.162284
-0.550237
0.910103
0.095685
0.399676
0.226539
0.709878
0.502246
-0.209831
0.195109
-0.894486
-0.987694
-0.909250
0.609342
-0.799483
0.747399
0.381378
0.811037
-0.553922
0.258977
0.183168
0.240034
0.319308
-0.384671
0.848132
-0.498159
-0.575897
-0.956840
-0.790692
0.645912
-0.337453
-0.768155
-0.846104
0.178108
0.716331
-0.150132
-0.743877
-0.766332
0.739508
-0.603495
0.909568
0.625661
-0.476059
0.897299
-0.038112
0.623799
0.001704
-0.173072
-0.940445
-0.887062
0.838936
-0.749515
-0.060325
-0.812979
0.913164
-0.911216
0.021562
-0.064103
0.467317
0.385720
0.732587
-0.716865
-0.223941
0.583942
0.258698
0.815655
0.400772
-0.657635
0.554912
-0.186554
0.616318
-0.137675
-0.841690
0.930478
0.541258
-0.867308
-0.599733
-0.353783
0.881462
0.279839
0.089592
-0.521044
0.454264
0.605423
-0.291564
0.270389
-0.911136
0.924045
0.738924
-0.869135
-0.895639
0.986697
-0.585858
-0.996807
0.456240
-0.195346
0.293441
-0.976796
0.507735
-0.749146
0.453162
-0.501772
-0.363551
0.671550
-0.546492
0.763059
0.581213
0.816362
-0.226097
0.715096
0.285706
0.626979
0.356399
0.439419
-0.493439
-0.890041
-0.933579
-0.674083
-0.756165
0.118836
0.536303
-0.081538
0.206736
-0.619478
0.510651
0.591459
0.639533
-0.429201
-0.690828
-0.402243
0.623803
-0.953284
-0.364139
0.740070
0.940702
-0.654578
0.317048
0.424207
-0.011112
0.226747
-0.914889
0.690683
0.124943
-0.066128
0.657648
0.155092
-0.445922
0.727990
-0.510477
-0.003050
0.035210
0.423050
0.502174
-0.608970
-0.536360
0.876429
-0.589023
0.271681
0.382672
0.200520
-0.232403
0.521386
0.147217
-0.490853
0.228006
0.267909
-0.763392
0.631995
-0.405218
0.706892
0.103342
0.406649
-0.333060
-0.585106
-0.582541
-0.085012
0.543321
0.288200
-0.748777
0.254341
-0.393215
-0.047852
0.136707
-0.221474
0.749229
-0.248278
0.156156
0.215277
-0.203650
0.569405
0.730923
0.507918
-0.451621
-0.305361
0.593504
-0.758836
-0.690361
-0.756982
-0.418814
-0.125222
-0.310740
0.159870
-0.015307
-0.600689
-0.800935
-0.925138
-0.000625
0.446843
-0.351358
-0.192782
0.368730
0.076427
-0.817144
-0.144876
-0.384559
-0.793621
-0.521564
0.142162
0.797075
0.733423
0.247901
0.733883
-0.909001
0.069171
0.902101
-0.677014
-0.227877
0.366167
0.163200
0.384147
0.268448
-0.594165
0.093382
0.359501
0.134937
-0.121197
0.680523
-0.893797
0.691281
0.961902
-0.080575
0.876548
0.134077
0.488658
-0.628986
-0.563321
0.305644
0.725668
-0.603827
0.680738
0.141979
-0.905448
0.244624
0.412504
-0.954797
0.626847
-0.155314
-0.943269
-0.135761
0.008097
-0.367454
0.623690
0.934467
-0.135117
-0.136119
0.664899
0.270245
-0.829796
-0.386681
0.469568
0.135215
-0.365230
0.795674
0.363485
-0.384454
-0.894653
-0.420114
0.332804
-0.520597
0.228261
-0.853588
0.256507
-0.190977
0.260138
0.511396
0.472588
-0.427021
-0.455567
0.782065
-0.776731
0.029406
0.245897
-0.385896
0.907428
-0.075167
-0.106749
0.670817
0.297127
0.650135
0.581485
0.890458
0.046806
0.966380
-0.515982
0.520474
0.822546
0.626199
-0.770974
-0.922534
-0.557057
-0.189413
-0.971342
0.087217
0.952675
-0.424953
-0.446954
-0.854801
0.249093
-0.046674
0.553065
0.540272
0.969947
0.778445
-0.637527
0.561711
-0.104355
0.415695
-0.261090
0.712370
-0.387920
-0.680806
-0.795779
-0.686329
-0.742669
0.989652
0.103190
-0.679551
0.015769
-0.824206
0.393874
0.675770
0.262826
-0.980709
0.443346
0.536735
-0.657621
-0.130694
0.961998
0.083575
0.637584
-0.128562
0.779814
0.321604
-0.717765
-0.973756
0.665618
0.682308
-0.821615
-0.866290
0.031846
-0.577073
0.229181
-0.157796
-0.449673
-0.312227
-0.327186
0.681337
-0.882964
0.860772
0.351536
-0.068245
-0.631244
0.439982
-0.958956
-0.755567
-0.042957
-0.071936
0.093521
0.364056
-0.444452
-0.509167
0.996266
0.338690
-0.283040
0.431993
0.270713
-0.740128
-0.997844
-0.186464
-0.511008
0.478781
0.184079
-0.943376
0.295638
0.426854
0.847172
-0.639641
-0.191576
0.236714
0.308889
0.496483
-0.037967
0.757941
0.351516
-0.522466
-0.635333
-0.988422
0.540876
0.825516
0.223776
0.519910
0.721297
0.991735
0.873057
0.830656
0.398118
0.383782
-0.175929
0.788919
0.854943
-0.822287
-0.760907
0.101788
-0.184107
-0.393304
0.082540
-0.205995
-0.406704
0.602644
0.233504
0.834599
-0.369383
0.500527
-0.889123
0.725612
0.508343
-0.191879
-0.895467
-0.910481
0.937869
-0.273553
0.921452
0.498672
-0.932581
0.771471
-0.260866
-0.683415
0.334033
-0.977277
0.095479
0.640870
0.361559
-0.608853
-0.277366
-0.382949
-0.114230
0.705528
-0.446580
0.946301
0.118124
-0.560347
0.905000
-0.158005
-0.165252
-0.511969
0.880533
-0.881925
-0.432803
-0.827083
-0.221513
-0.628135
-0.219350
0.020167
-0.556808
-0.266814
0.880774
-0.346320
-0.765883
-0.975439
-0.985813
0.876562
0.835149
-0.729147
0.135556
-0.116467
-0.783932
0.445700
0.401831
-0.841102
-0.691734
-0.107125
-0.702219
0.626091
0.245749
0.268773
0.121204
0.158201
-0.448664
0.366535
0.311005
0.920232
-0.705315
0.075505
0.332271
-0.197267
-0.693162
0.073602
-0.971017
0.382656
0.284783
0.536784
0.328516
0.119891
-0.019172
0.103103
-0.798296
-0.189410
-0.995774
-0.225780
0.614667
0.143528
0.473533
0.582988
0.484243
-0.226881
0.337745
0.059808
0.031312
-0.836247
0.356674
-0.940491
0.714484
0.448406
-0.251696
-0.745592
0.029153
-0.800556
0.124509
0.540259
-0.629377
0.941590
0.359383
0.154837
0.668636
-0.993771
0.352437
0.239492
-0.313029
0.350000
0.050933
0.935609
-0.278332
-0.916976
-0.596236
-0.937295
0.710241
-0.598143
-0.971436
-0.053189
-0.953261
-0.594216
0.961112
0.107350
0.638358
-0.283099
-0.319705
0.186487
-0.865490
-0.939718
-0.568509
-0.921765
-0.918645
-0.318236
0.697868
0.335989
0.283097
-0.004797
-0.982006
0.741470
-0.817779
0.671074
0.231441
0.028571
0.007405
0.204264
-0.511441
0.257943
0.323625
-0.418021
-0.935128
-0.587358
-0.115328
0.704354
0.852802
-0.228959
-0.252332
-0.177623
-0.669023
0.473381
-0.987381
0.128331
-0.926003
0.033905
-0.931827
-0.517178
0.246535
0.788615
-0.127113
-0.463259
0.662331
0.817843
0.915735
0.453007
0.077542
0.347369
0.227030
-0.293257
-0.897392
0.222329
0.220310
-0.099380
0.926557
0.464111
0.314314
-0.862009
-0.958838
-0.748131
0.382753
-0.689713
0.685681
-0.901598
-0.735176
-0.773725
0.772930
-0.772098
0.298062
-0.489901
-0.523645
0.681008
0.002374
-0.210375
0.753680
-0.471996
-0.148458
-0.657019
0.005360
0.641329
0.324546
-0.922873
-0.106593
0.548124
0.889895
0.323014
0.018461
0.503389
0.180006
0.166566
-0.253509
0.748454
0.641335
0.453503
0.903140
-0.645876
0.366544
0.764471
0.709257
-0.566328
-0.165709
-0.339004
0.275432
-0.806816
-0.831368
-0.733580
0.488267
0.741501
0.618492
0.812742
0.834323
-0.929979
0.280502
-0.636340
0.481775
0.971154
-0.108387
0.405199
0.238426
-0.274496
0.703959
0.191721
-0.681772
-0.803268
-0.959157
0.719146
0.673042
-0.274603
-0.537950
0.873346
-0.160563
0.464914
-0.530119
0.814200
0.259679
0.912905
0.403075
0.893873
-0.999819
-0.916961
-0.577443
-0.999437
-0.045356
-0.838572
-0.548229
-0.322676
-0.197456
0.824104
0.779227
0.342870
-0.802026
-0.459863
0.475496
0.345670
0.370361
0.886203
-0.901889
-0.294494
-0.255916
0.402019
0.043738
0.457632
0.364663
0.413904
-0.803708
0.657562
-0.155784
0.420203
-0.684210
0.970759
0.285212
0.460106
-0.182967
0.053544
0.073054
0.667290
-0.368296
0.544775
-0.585842
0.440768
-0.083584
-0.438574
-0.357210
0.398921
-0.084782
-0.214130
0.025952
-0.910730
0.635354
0.131755
-0.718587
-0.080504
0.087754
-0.632467
-0.931140
0.705264
0.640319
-0.620547
-0.588855
-0.010051
-0.972397
-0.020764
-0.536919
0.806601
0.070826
-0.497607
-0.878634
-0.695606
0.024572
0.951074
0.329097
0.881735
0.480909
-0.888928
-0.005179
0.484603
-0.368117
0.794947
-0.251318
0.728220
0.951498
-0.086274
0.982299
-0.744483
0.954503
0.603411
0.259955
-0.866430
0.919308
-0.303110
0.075967
0.098923
-0.198846
0.886949
-0.361918
-0.229393
0.508313
0.666711
-0.175166
-0.799840
0.477874
-0.290131
-0.751008
0.070681
-0.003421
-0.011322
0.818820
0.182428
0.469449
-0.071153
-0.528434
0.728015
0.774276
0.597494
-0.157532
0.188973
-0.179034
-0.575879
-0.925004
-0.938062
0.010501
0.328786
-0.000613
-0.093863
-0.067598
0.231265
-0.794439
-0.993522
0.964444
0.164803
-0.001720
0.762910
-0.132340
-0.130152
0.285462
0.353782
-0.481778
0.605343
-0.233865
-0.710846
-0.470508
0.959311
-0.492652
0.218697
0.666077
-0.192052
0.682473
0.976511
-0.362715
0.641714
0.184839
-0.006698
-0.575208
0.527374
0.814530
0.442435
-0.904746
-0.431192
-0.299397
0.129173
-0.247825
0.216349
0.616111
-0.864123
0.010688
-0.595495
0.372273
0.138571
0.681165
0.172889
0.736721
0.941624
0.589004
-0.744088
0.327734
-0.730604
0.114210
-0.130492
-0.234749
0.335041
-0.467445
-0.156327
0.154223
-0.685536
0.711091
0.188985
-0.962857
-0.160558
0.818582
-0.554262
-0.111802
0.866107
0.928018
-0.780232
0.764434
0.485410
0.512682
0.790114
0.076302
-0.263928
0.395114
0.679960
0.062076
0.188673
0.277068
0.575245
-0.966852
0.689670
0.844546
-0.229582
0.021457
0.170212
-0.091510
0.596405
-0.010667
0.809090
0.783351
0.188587
0.757142
-0.410258
-0.860332
0.115558
-0.217969
-0.289128
0.590979
0.298224
-0.717916
-0.354749
-0.611283
-0.977969
0.714965
0.420632
0.584184
-0.562429
-0.798798
0.142326
0.029127
0.621766
-0.887899
0.642538
0.385921
-0.008978
0.246337
0.801863
0.917916
-0.587604
0.848161
-0.445070
-0.635996
-0.007447
0.414676
-0.109097
-0.459077
0.850109
0.416782
-0.282555
-0.640957
-0.214113
0.729896
0.720771
-0.213994
0.152186
0.180342
0.523700
-0.811044
-0.138860
-0.712505
-0.302946
-0.617368
0.587994
-0.210873
0.599543
0.766886
-0.989056
-0.951346
0.448206
0.411328
0.987290
0.271020
-0.744946
-0.487722
0.466889
-0.318885
0.384652
0.501932
-0.941263
-0.997223
-0.809616
0.192626
-0.540310
-0.921172
-0.149961
-0.532188
-0.052383
-0.603694
0.178305
-0.177363
0.589371
0.498146
-0.964395
0.776338
0.332983
0.627677
-0.394009
-0.581267
-0.191150
-0.946600
0.958126
-0.028867
-0.310001
0.854892
0.999999
0.551291
0.638971
0.119014
0.906214
0.932028
-0.345181
-0.582956
0.212481
-0.396981
0.267877
0.824970
0.895770
0.541851
0.446043
0.933835
-0.768498
-0.082370
-0.905071
-0.405034
0.781320
-0.774782
0.960474
-0.793809
0.300838
-0.350221
0.890504
-0.980844
0.854320
-0.169142
-0.600491
0.693210
-0.589719
0.930915
0.948591
0.187816
0.781864
-0.336390
-0.769147
0.624704
-0.449876
-0.350983
-0.968458
0.966658
-0.466654
0.386721
0.266475
-0.593370
-0.041275
-0.446326
-0.897806
0.739980
-0.119595
0.690233
-0.946542
0.399144
0.567109
-0.219171
-0.836386
0.647879
0.643532
-0.462457
-0.106901
-0.531713
-0.444714
0.311012
-0.604191
-0.641243
-0.103043
-0.813873
-0.472331
-0.931152
-0.679297
-0.647096
-0.684207
0.527165
-0.148322
-0.628611
0.056694
-0.996145
-0.227265
0.244751
0.951237
0.418344
0.355830
0.235623
-0.591076
0.187740
-0.181329
0.493749
-0.846848
-0.145214
-0.837110
-0.395457
0.848555
0.621489
0.442330
0.684691
-0.508460
-0.768307
-0.874054
-0.347628
-0.371250
-0.533658
-0.933110
-0.774956
-0.780546
0.753788
-0.556492
0.504984
0.855863
0.181491
-0.661665
0.436921
0.663617
0.538530
0.368201
-0.583934
0.401863
-0.050175
0.632587
0.707045
-0.505874
0.682238
-0.417614
-0.585579
-0.407230
0.464525
0.594308
0.325971
-0.410448
-0.039226
0.034842
-0.665947
0.651630
-0.627211
-0.330022
0.809455
0.918705
0.291517
0.128648
0.281469
-0.020739
0.796035
-0.489896
-0.615147
-0.726009
-0.732335
-0.969802
-0.579437
-0.124292
0.252981
-0.472441
0.616402
-0.563376
0.220596
0.112522
-0.156622
-0.453284
0.617743
0.412177
-0.310583
0.592306
0.630189
-0.672341
-0.039431
-0.308556
0.453382
0.726807
-0.840746
-0.636076
0.420454
-0.413610
0.910858
0.314154
-0.658005
-0.647770
-0.372051
-0.719848
0.538059
-0.689975
0.275301
-0.976699
-0.849514
0.689198
0.956309
-0.214871
-0.593597
-0.542728
-0.419029
0.386554
0.923091
0.806545
0.094997
-0.110233
-0.441898
0.796848
0.047006
0.963627
-0.271613
-0.874850
-0.562689
-0.016690
0.563880
-0.006064
0.654115
0.085466
0.033651
0.655597
-0.547257
-0.506787
-0.295936
0.629367
0.575338
-0.287072
-0.642735
0.947322
0.616685
0.692699
0.885686
-0.912950
-0.725248
0.657955
-0.448938
-0.923674
0.002911
0.256118
0.250562
0.225064
0.377217
-0.453675
-0.003176
-0.821714
-0.232662
-0.999466
-0.806959
0.921456
-0.630094
-0.122223
-0.427496
0.434554
-0.602819
-0.345293
-0.364237
0.293824
0.655903
0.778842
-0.192024
-0.248061
-0.659636
-0.365089
0.301673
0.224769
-0.235176
-0.503817
0.199997
0.282417
0.468869
0.402151
0.218878
-0.552026
0.575799
0.917578
-0.641897
0.339460
-0.390336
0.677112
-0.301523
0.186820
-0.567649
0.684137
-0.195917
0.585148
0.831915
0.357844
0.698689
-0.272900
-0.779518
0.590311
-0.696814
0.925256
-0.006530
0.959585
-0.204741
-0.367745
-0.695278
-0.571911
0.360082
-0.247472
0.022538
-0.521912
0.419161
-0.654805
0.256482
0.106005
0.258122
-0.843996
-0.253719
-0.710291
0.367332
0.473060
-0.378215
0.869507
0.639362
-0.105454
-0.059102
0.538980
0.976061
0.630215
0.316340
0.760198
0.309832
0.423362
0.786414
-0.420759
-0.737314
0.760324
-0.094433
0.720276
0.739412
0.913280
-0.099450
-0.056232
-0.316606
0.791240
-0.863929
-0.558879
0.175093
0.637613
0.415304
0.384001
-0.002308
0.222809
0.694497
-0.509913
0.726900
-0.579021
-0.259983
0.919662
-0.100842
-0.851894
-0.927070
0.622448
-0.837899
-0.492885
0.414646
-0.785021
0.144533
-0.994580
0.844564
-0.039726
0.156366
0.214066
0.038878
0.827523
-0.073837
0.435979
0.697392
0.244702
-0.714356
0.027437
-0.180375
-0.684310
-0.745097
0.288970
0.305372
-0.954211
-0.189211
0.721415
0.607320
0.498751
0.640285
0.091628
0.958673
0.074160
0.691782
0.894070
0.991042
0.788908
-0.782943
-0.935431
0.076188
-0.828128
0.510441
0.802289
0.308356
0.569081
0.629565
-0.715137
0.821387
0.433210
0.970346
0.153526
0.770946
0.931027
0.302026
-0.235491
-0.099072
0.960848
0.458360
-0.899787
-0.673299
0.636093
-0.794428
0.543186
-0.704889
0.048805
0.715155
-0.339840
0.750355
0.238977
-0.772756
0.610031
0.102767
-0.141857
-0.392299
0.859405
0.270437
-0.848119
-0.194366
-0.342277
-0.806397
-0.311378
-0.694414
-0.208023
-0.990621
0.538698
0.787279
0.880718
0.485105
0.814206
-0.782195
-0.503540
0.393065
-0.759894
0.915687
-0.566304
0.701095
0.553174
0.506595
-0.061013
-0.981331
0.872286
0.747838
0.005232
-0.242485
0.285766
-0.359518
0.638870
-0.121461
-0.646164
0.519181
0.551259
-0.365091
0.509165
-0.077462
0.574734
0.670815
-0.466319
0.977134
-0.077062
0.690928
-0.375335
-0.872897
-0.419051
-0.199691
-0.077141
0.680464
0.623422
0.421885
-0.927458
0.360952
0.019967
-0.260372
-0.999452
-0.665726
-0.446502
-0.141900
0.712865
0.550830
-0.431208
-0.139980
0.081570
0.390713
-0.611970
-0.025227
-0.987723
0.679956
-0.091506
0.861421
-0.857998
-0.211349
-0.637302
0.027898
-0.076901
-0.417552
-0.130408
0.227347
0.222389
-0.498544
0.885945
-0.171240
0.167639
-0.339844
0.089461
-0.975055
0.455084
0.134512
0.524666
0.775621
0.346727
0.809896
0.521713
-0.411107
-0.833809
0.316003
0.438915
0.419262
0.243481
0.976191
-0.918148
0.612888
0.059344
0.365118
0.811406
0.835750
0.200411
0.345262
0.822487
0.489653
-0.702121
0.212904
-0.403385
-0.850514
-0.580662
0.179823
0.530112
0.444169
0.530411
-0.684962
-0.391125
0.853893
-0.679566
-0.743619
0.623612
-0.941170
-0.145034
0.651902
0.601867
-0.266793
-0.474286
0.844408
0.415007
-0.552963
-0.041229
0.280505
-0.514993
0.701833
0.949055
0.824023
0.789818
-0.454662
0.882774
-0.037565
-0.293109
0.060742
-0.243540
-0.939989
0.016260
-0.899186
-0.652641
-0.983556
0.394694
0.475915
-0.158503
-0.713587
-0.633323
0.260762
-0.280605
-0.035039
0.431604
-0.236086
-0.610793
0.673531
0.748239
-0.591745
0.013976
-0.381398
-0.001284
-0.261667
0.738724
0.414164
0.156896
0.031970
-0.429512
-0.814733
-0.617084
0.846645
-0.846716
0.294578
-0.415378
0.607859
-0.348423
0.068802
0.356272
0.315661
-0.428165
0.614217
-0.849561
0.221843
-0.956098
0.624964
-0.026464
0.779410
-0.754758
0.215376
-0.689397
-0.324294
-0.566815
0.971877
0.533299
0.034346
-0.845921
-0.781620
-0.970090
-0.695701
-0.689636
-0.829181
-0.574692
0.224348
-0.306104
-0.452266
0.779707
-0.894804
-0.154206
-0.321909
-0.715998
-0.044309
0.486173
0.105175
-0.458763
-0.510406
-0.128315
0.854869
0.328448
-0.172029
-0.147726
0.916448
0.534446
0.953529
0.610636
-0.655412
-0.415685
0.700421
0.762208
-0.402695
-0.410235
0.276912
0.512204
0.307338
0.888852
0.645821
0.899888
0.829012
-0.837971
-0.694649
0.238903
0.160525
-0.086443
0.539250
0.938838
-0.576230
-0.959710
-0.016947
-0.759805
-0.850361
-0.777197
-0.274671
-0.059529
-0.538601
0.769552
-0.831066
-0.393996
0.063360
0.541543
-0.841295
-0.514625
-0.724537
-0.353149
-0.211683
0.953175
0.356389
0.224128
0.629809
-0.801657
0.111544
-0.595793
-0.167357
0.749845
-0.825539
0.258428
-0.940868
-0.770901
-0.959967
0.643909
-0.820549
-0.075604
-0.921095
-0.086818
0.818253
0.151557
-0.807456
0.186478
0.623268
-0.694159
0.481290
-0.037928
-0.515067
-0.591987
0.364135
0.690483
0.252152
-0.670397
-0.734837
0.150943
-0.151562
0.020007
-0.041207
0.169280
-0.157598
-0.742035
-0.419001
0.698602
0.250631
0.350796
0.874174
0.567777
0.695552
-0.702429
0.207146
0.940393
0.177705
0.892120
0.556444
0.510160
0.493064
0.895470
0.000267
0.615744
-0.794803
-0.739582
-0.577947
0.659063
0.032173
0.941628
-0.373097
-0.958074
0.138278
-0.645683
-0.177689
-0.136359
0.163353
-0.049552
0.803290
0.705985
-0.254928
0.727999
-0.593243
-0.688484
0.481901
-0.273765
-0.632172
-0.826908
0.732125
-0.921432
0.385280
0.433029
-0.573508
-0.511327
-0.906726
-0.440803
-0.288048
-0.701177
0.122711
-0.173359
-0.525183
0.971582
-0.696710
0.373493
-0.671364
-0.681227
0.070219
-0.705049
0.253136
0.276155
-0.713485
0.733104
0.816538
0.387648
-0.954932
0.606649
-0.063843
-0.592219
0.457367
0.400030
-0.381792
-0.490671
-0.034889
0.660664
0.648709
0.557012
0.923409
0.830186
0.509765
0.119820
-0.117050
-0.993303
-0.776034
0.984856
-0.688627
-0.362046
0.388446
0.062212
0.858172
0.827836
0.117355
-0.681816
0.169565
-0.758811
0.270488
0.462167
0.007739
-0.961140
0.196720
0.444554
0.950424
0.096984
-0.463773
-0.421709
-0.397717
-0.908212
-0.626646
-0.630773
0.160775
0.600611
-0.809484
0.469408
-0.781020
0.611988
0.085834
-0.160459
0.241464
0.547344
-0.561830
0.277462
-0.659907
0.141039
0.451246
-0.313467
-0.135538
-0.070988
0.721973
-0.907330
-0.632465
0.705191
0.989491
-0.603211
-0.443505
-0.830065
0.611936
0.025317
-0.227876
-0.343061
0.047267
0.113648
-0.488967
-0.509582
-0.075232
-0.844589
-0.540473
-0.908103
0.378052
0.007321
0.130203
0.152889
0.222260
0.912652
-0.178448
0.416324
-0.269943
-0.374227
0.225152
0.605151
0.274297
-0.427161
-0.314192
0.378295
-0.902556
0.664469
-0.301415
0.738048
-0.866481
0.401965
-0.790147
-0.437197
0.992646
-0.950089
0.087853
0.327203
0.456600
-0.395785
-0.836881
-0.257179
0.563409
-0.216834
0.074982
0.993006
0.539632
0.946982
0.053317
-0.932931
0.003036
-0.538981
-0.171437
-0.426900
0.280391
-0.321712
-0.596465
-0.137592
-0.635190
-0.084659
-0.479300
-0.694646
0.004633
0.752111
-0.224466
-0.469671
-0.647313
0.221080
0.005104
-0.596018
-0.561279
0.724660
-0.785759
0.218550
0.606913
-0.582404
0.858479
0.384574
-0.414576
0.361065
-0.555948
0.461712
0.179347
-0.480597
0.324417
-0.659208
0.480907
0.853989
0.957720
-0.420928
0.356122
-0.885938
-0.657419
0.035058
0.393697
0.406994
0.338451
-0.095150
-0.308124
0.841519
-0.745110
0.605784
0.321409
0.760329
0.726236
-0.003087
0.330015
0.179121
0.985913
0.934674
0.774771
0.493837
-0.772937
0.119350
0.235738
-0.078401
0.845176
-0.374726
-0.248501
-0.157534
0.590600
-0.896997
0.815390
0.686295
-0.982176
-0.405605
-0.929975
0.430452
0.346092
-0.689232
-0.016594
-0.125465
0.256494
0.424808
0.261270
0.360292
-0.838706
0.528044
0.095292
-0.632551
0.262188
-0.193848
0.877269
0.927100
0.200451
0.722977
-0.084615
-0.929096
-0.380897
-0.073563
0.365831
-0.010481
-0.591432
-0.085265
0.525747
0.784199
-0.232023
0.699125
-0.701115
-0.129029
-0.201918
0.834713
0.609724
0.902269
0.987161
-0.597791
0.368392
0.224116
-0.785429
0.344105
-0.338472
0.552798
-0.277694
0.877588
0.366140
-0.160950
-0.494157
0.243298
-0.692800
0.824746
-0.218561
0.695768
-0.987754
0.978992
-0.283529
0.124640
0.038122
0.594534
0.644634
-0.372287
0.921568
0.820498
0.149643
0.085524
-0.680778
0.722820
0.722468
-0.399222
0.230173
0.983432
-0.309715
0.626246
-0.717452
0.543949
0.786108
0.788888
0.655180
-0.298458
0.160749
0.152884
-0.816008
-0.161672
0.675385
-0.309265
0.187849
-0.992261
0.513458
0.313361
0.113921
-0.475113
-0.810675
0.115656
0.116979
0.035670
0.165901
-0.639954
0.780246
-0.390451
0.860773
0.550256
-0.239842
-0.946705
-0.038689
0.718770
0.277674
0.436407
-0.565728
0.725154
0.016891
0.561162
-0.746236
-0.184785
-0.995682
0.248595
-0.726247
-0.228336
0.015961
0.841314
0.801050
-0.722016
-0.845118
0.298388
-0.111877
-0.433407
-0.920878
0.526461
-0.030953
0.137087
-0.541886
0.694047
-0.049453
-0.375311
0.531549
0.325675
0.982455
-0.928889
-0.264989
-0.117137
0.173293
0.147663
0.982902
0.925788
0.786015
-0.875464
-0.280048
-0.761716
-0.603199
-0.800503
-0.441324
0.066127
-0.493095
0.944829
-0.925023
-0.275248
-0.096534
-0.166896
0.351409
0.271609
0.502420
0.230872
-0.198063
0.097687
-0.252327
-0.705567
0.077401
-0.685810
0.514505
-0.015105
0.692443
-0.275915
-0.404765
-0.113629
-0.471086
-0.854417
0.886208
-0.866096
-0.776334
-0.091215
-0.845139
-0.384298
-0.438320
-0.248395
0.691457
0.522228
-0.459582
0.044482
-0.175343
0.465568
0.392000
-0.322413
-0.218077
-0.384848
0.775513
-0.468869
0.860058
-0.981786
0.128387
-0.368830
-0.182922
-0.349417
0.284432
-0.833225
0.189491
0.135223
0.131272
0.278232
0.233192
-0.828448
-0.744620
-0.886033
-0.653222
-0.249923
-0.368468
-0.765382
-0.889837
0.875089
0.150867
0.237405
0.206737
0.521713
-0.967284
-0.918895
-0.876147
0.332085
0.798546
0.490162
-0.650106
-0.378756
-0.837955
0.628104
-0.421022
0.613278
0.300427
0.064033
0.444443
0.141749
-0.016153
-0.200838
0.252895
-0.144041
0.446435
0.080357
-0.892242
-0.649001
0.380354
-0.339393
0.406047
0.792685
-0.586295
0.675546
-0.609386
-0.971513
-0.120763
0.510989
-0.153991
-0.344803
0.653322
-0.223598
0.395472
0.387329
-0.592643
-0.011731
-0.538681
-0.223019
-0.176747
0.614682
-0.003698
-0.425883
0.041411
0.998254
-0.183653
0.733836
-0.136191
-0.784889
0.424890
-0.547019
0.186509
0.552833
0.474363
0.897583
0.589872
-0.424238
0.316656
0.241769
0.426956
-0.009355
-0.167530
-0.991927
0.840900
-0.714043
0.538875
-0.696498
-0.016027
0.944758
0.805570
-0.162847
0.554950
0.632985
-0.653548
0.884798
-0.286020
-0.922261
-0.269478
-0.332290
0.953016
-0.826575
-0.643816
-0.142627
0.656940
0.675186
0.292443
0.705043
0.373952
0.088944
-0.324048
0.352235
0.350281
0.145279
0.348623
-0.298412
-0.073758
-0.999912
-0.950254
0.620464
0.869794
-0.923545
-0.805621
0.677812
-0.909319
0.777866
-0.246882
0.655366
0.933014
0.874735
-0.765587
-0.415010
0.622841
0.205345
0.879331
-0.786664
-0.169083
0.773862
0.567622
0.963460
0.020819
0.041221
-0.868171
-0.101086
-0.374331
-0.958997
0.145785
0.587630
-0.212103
0.021188
0.656486
0.102767
-0.831853
-0.446877
0.148943
0.140303
-0.380115
0.221037
0.867669
0.534291
-0.814382
-0.913823
-0.837712
-0.637251
-0.949796
0.423879
0.915508
0.907236
-0.018628
0.960146
-0.816021
-0.310311
0.366849
0.303824
-0.918114
-0.276332
0.076826
-0.784608
-0.081096
-0.658869
0.608900
0.065014
0.357047
-0.777886
0.894887
0.922557
0.249909
0.798874
0.873076
0.678746
-0.854453
-0.986370
-0.209636
0.699261
-0.740980
0.586836
0.423497
0.644968
0.020392
0.472133
-0.049163
-0.590699
0.250823
0.063167
-0.280138
-0.155152
-0.986085
0.034175
-0.675140
-0.151102
-0.456668
-0.615837
-0.812634
0.736362
-0.052591
-0.053002
-0.139567
0.421796
0.873064
-0.074968
0.368052
-0.274867
-0.759235
0.317145
0.982747
0.123580
0.530567
-0.318596
0.390220
0.349581
0.238652
-0.142705
-0.509886
0.775888
-0.435180
-0.201535
0.383885
-0.392589
0.351599
-0.243523
-0.671426
-0.896744
-0.345818
0.526543
-0.556760
-0.449772
-0.871211
0.111051
0.958377
-0.972395
0.784846
0.690448
0.430170
-0.659567
0.991585
0.792526
-0.502682
0.558184
-0.172038
-0.782915
0.612021
-0.424176
0.659917
-0.419032
-0.757197
-0.812521
0.847254
-0.589110
-0.439453
-0.594226
0.407670
-0.502970
0.260147
0.060245
0.904332
0.214664
-0.884916
-0.425983
0.379994
0.227381
-0.946978
-0.019665
0.288659
0.482558
0.927111
0.068130
-0.196895
-0.717499
0.104812
-0.223081
0.677214
-0.212984
0.271926
-0.889317
0.141365
-0.599524
-0.914010
0.936026
-0.934862
-0.373719
0.502399
0.297099
0.937998
-0.456393
-0.296597
-0.962896
0.278941
0.146205
-0.212733
0.507106
0.589525
-0.043598
0.157858
-0.945968
-0.006546
0.481767
-0.748553
-0.065175
0.820312
0.978783
-0.725236
-0.199705
-0.877355
-0.452722
0.950762
0.646952
0.260398
-0.011242
0.260804
0.662323
0.090954
0.607263
0.318824
-0.780670
0.565592
-0.458208
0.560996
0.300370
0.654333
-0.631594
0.585205
0.280415
-0.311868
-0.535492
-0.410039
-0.078529
-0.442728
0.927048
0.902216
-0.359915
-0.903517
0.749959
-0.582168
0.591755
-0.969446
-0.709689
-0.671079
-0.224964
-0.822113
-0.101923
0.455025
-0.671399
-0.347795
0.005886
0.350453
0.892540
0.916404
0.438292
0.207356
-0.559274
-0.649619
-0.965032
-0.557171
-0.751951
0.915231
0.377372
0.159781
-0.942150
0.137188
-0.767320
-0.575889
-0.940470
-0.341534
0.703449
-0.023380
-0.329705
-0.606281
-0.293257
-0.539933
-0.273611
0.478366
0.497873
-0.783817
0.834040
-0.923148
0.926755
-0.963097
-0.771738
-0.842023
0.239610
-0.242563
0.611188
-0.482213
-0.389859
-0.144199
-0.658226
-0.047948
0.196308
0.903540
-0.992641
0.689223
0.234200
0.528447
0.901035
-0.391723
0.319201
0.957365
0.656399
0.431355
-0.769487
-0.223988
-0.206111
-0.691032
-0.377363
0.824697
0.125026
-0.169523
0.802452
-0.589144
0.536234
-0.065544
-0.877122
-0.684179
0.817084
-0.940433
0.304602
0.523916
-0.041184
0.726990
-0.552048
-0.104933
-0.178584
0.697675
0.490163
0.389549
0.455879
-0.448025
-0.170029
0.614605
-0.109964
-0.595549
-0.845841
-0.568757
-0.347587
-0.658384
0.679620
-0.423130
-0.477119
0.174699
0.149860
-0.134710
0.162143
-0.076471
-0.211123
-0.182709
0.747637
-0.327033
0.168320
-0.458354
-0.429710
0.834389
0.371296
0.683870
-0.434888
-0.280854
0.385626
0.039176
0.872908
-0.311478
-0.712086
-0.784225
-0.045736
0.861575
-0.044103
0.421489
-0.029549
-0.808994
-0.937203
0.540173
0.062406
-0.624742
-0.490024
-0.786832
-0.897278
-0.544562
0.166443
0.506647
-0.453575
0.316956
0.986643
-0.191969
0.550880
-0.852274
0.102547
0.796070
-0.180332
0.639702
0.511007
-0.618153
-0.999089
0.371111
0.421924
-0.769323
-0.920976
-0.846353
0.704109
-0.520495
-0.661413
0.948507
-0.721323
-0.513294
-0.797101
-0.871730
0.542086
0.774980
-0.060775
-0.009573
-0.088006
0.439849
0.426380
-0.869333
-0.265324
0.753227
-0.390081
0.492372
0.936414
0.397384
0.303079
-0.732310
-0.322704
0.042036
0.767121
0.234949
-0.273699
-0.185147
0.552099
0.704088
0.836747
-0.035034
0.891022
-0.603424
-0.910559
0.831828
0.224224
-0.073636
-0.589342
-0.796814
0.256068
0.780257
0.863802
0.739212
-0.424096
0.779716
-0.014362
0.527788
-0.946060
0.236430
-0.063123
-0.906983
-0.051601
0.683017
-0.870425
-0.148878
0.077530
-0.044985
-0.483534
-0.169785
-0.924876
0.164189
-0.370730
0.585114
-0.855132
0.927059
0.538895
-0.539567
0.307625
-0.649492
-0.880158
-0.947943
-0.494790
-0.011429
0.116141
-0.385309
0.852387
0.622539
0.125053
-0.079490
-0.896283
0.627721
-0.762365
0.794273
0.061325
0.016354
-0.278125
0.393055
0.250775
-0.972087
0.106429
0.461368
0.691224
-0.979898
-0.642507
0.127365
-0.247733
0.727874
-0.981039
-0.327493
0.017143
-0.446074
0.756241
0.447059
0.138693
0.365652
-0.324321
0.085920
-0.620686
0.330862
0.446073
0.356808
0.706383
0.688432
-0.408536
0.210221
0.066229
0.949569
-0.814561
-0.236197
-0.492968
-0.523612
0.909563
0.230353
-0.207391
0.661029
0.370479
-0.749355
-0.217494
-0.708487
-0.984158
0.481233
0.175716
0.876923
0.581714
-0.563946
-0.586618
-0.223942
-0.740218
-0.851023
-0.527717
-0.051611
0.140564
0.465517
-0.907451
0.038696
0.053042
-0.115449
0.343669
-0.613612
0.204285
0.870428
-0.816598
0.598166
-0.886192
-0.449819
-0.092584
-0.862663
0.933960
-0.052055
-0.206129
-0.582974
0.551946
-0.462134
-0.147961
-0.095017
-0.784480
0.646305
0.455607
-0.999372
0.859231
-0.995720
0.800050
-0.340432
-0.856253
-0.757846
-0.816130
0.789125
0.613016
-0.935485
-0.694481
-0.046017
0.751622
0.588413
-0.537122
-0.618921
0.385958
-0.238172
0.504218
0.799687
-0.873179
-0.490951
0.341442
-0.780951
0.823437
0.431688
0.900057
0.887889
0.069832
0.383283
-0.248821
-0.733767
0.768669
-0.249209
-0.972178
-0.621252
0.262325
-0.951309
0.508062
-0.415675
0.200261
0.553996
0.166263
-0.412626
0.390657
-0.298624
0.831068
0.955420
-0.170318
0.618148
0.488298
-0.646588
-0.176095
0.379122
-0.815009
-0.450958
0.750533
0.797259
-0.862652
-0.444738
-0.712731
0.603962
-0.094591
-0.780557
0.667160
-0.692012
-0.267975
0.139798
-0.358127
0.957029
0.326315
0.216497
-0.219928
-0.469536
0.413621
-0.164839
-0.929146
0.583850
0.136265
-0.651167
-0.287436
0.084807
0.970054
-0.477525
-0.596366
0.997802
-0.580642
-0.034751
-0.972623
0.975675
-0.057793
-0.152996
-0.349742
-0.157344
0.424554
0.878185
-0.332066
-0.522231
0.828956
-0.420758
0.965859
-0.341143
0.552076
-0.335715
-0.037835
0.413424
0.703520
-0.259166
-0.007827
-0.977708
0.590210
0.094731
0.452515
0.207158
0.587301
0.904023
0.060841
-0.357521
-0.178555
0.861826
-0.953703
0.386202
-0.329555
-0.249672
0.762504
-0.600334
0.664952
0.691975
-0.829646
0.181021
0.140705
0.700945
-0.302544
0.136538
0.791491
0.073546
-0.085549
0.204617
0.356227
0.241125
0.548676
0.111966
-0.636510
0.834652
0.766009
-0.874554
-0.862099
-0.426262
-0.894229
-0.106855
0.180196
-0.509364
0.747727
0.581205
-0.890417
0.817693
-0.718684
0.017974
0.679226
0.307473
0.055749
0.041854
-0.100734
0.971019
0.696493
0.966078
-0.115383
-0.195402
-0.732072
0.571669
0.878207
0.760319
-0.923926
0.032796
0.968989
0.698386
0.756750
-0.250285
0.315910
-0.404241
-0.485939
-0.845126
-0.181620
-0.229978
0.405828
-0.631465
-0.395830
-0.078716
-0.228809
-0.183832
-0.961991
0.306501
0.279282
0.015368
-0.181595
0.336528
0.051045
0.133131
-0.082199
0.765550
0.748076
0.628711
-0.568318
0.082603
-0.388076
0.313962
-0.227884
0.596557
-0.900526
-0.547997
0.481762
0.183635
0.296525
0.281557
-0.235771
-0.363775
0.959795
-0.059700
0.795049
-0.952912
0.022373
-0.054602
-0.712143
0.756655
-0.980014
0.900114
0.864149
-0.802846
-0.998828
-0.864883
0.363006
0.880683
-0.081709
-0.309095
0.921286
0.971034
-0.132725
-0.473031
-0.977904
-0.035872
0.446606
0.577852
0.034441
0.223148
-0.073165
0.172315
-0.040116
0.722446
0.410286
0.331998
-0.300055
0.090632
0.990231
0.180498
0.169651
-0.401680
0.814356
0.718295
0.548673
0.307706
-0.611353
0.785684
-0.216628
0.997337
-0.491962
-0.250106
-0.566383
0.350130
0.750844
0.639416
-0.325175
0.250245
0.365940
0.063171
0.809038
-0.279810
-0.637846
-0.113862
0.797654
-0.802209
0.386622
-0.450839
0.009363
-0.613174
-0.285116
-0.735116
0.102325
0.550675
-0.553676
-0.669568
0.911020
-0.748844
0.960678
-0.956744
0.462588
0.150800
0.972429
-0.103585
-0.482971
-0.854000
-0.899167
0.854604
-0.712420
0.882364
0.302070
-0.849900
-0.078401
0.372041
-0.273068
-0.789733
0.972346
0.598820
0.492258
-0.421114
-0.386786
-0.146951
-0.376644
0.189960
0.389409
0.219025
0.932447
0.749259
0.352558
-0.303482
-0.613606
-0.488177
0.886650
0.832813
-0.779960
-0.882227
0.313394
-0.351754
-0.867665
-0.873415
0.558903
-0.305160
0.078206
0.111483
-0.053916
-0.670878
-0.183120
0.657027
-0.765447
0.195780
0.148083
0.339894
-0.253146
0.815252
-0.510014
-0.818479
-0.518138
-0.645282
-0.739349
-0.782130
0.682044
0.939411
0.407934
-0.355438
-0.616258
0.402692
-0.785232
0.756665
0.706430
-0.909166
0.474668
0.318549
-0.173850
-0.244842
0.655503
-0.726045
0.138083
-0.277752
0.108317
-0.172338
-0.095568
0.520360
-0.345641
0.598044
0.152693
0.490506
-0.283400
-0.062674
-0.231158
-0.211359
0.586186
-0.567229
-0.668804
0.729109
-0.844642
0.742434
0.959553
-0.632402
0.801866
-0.641926
-0.948401
-0.955579
0.815348
0.490353
0.877137
-0.188642
0.034018
0.820462
0.950858
0.924915
0.343753
0.890695
0.375863
-0.583600
0.853383
-0.472001
0.050206
-0.085350
0.414743
-0.610170
0.875423
0.775117
0.221914
-0.883577
0.094468
0.634068
-0.310141
0.037390
0.336828
-0.865308
-0.800234
-0.558615
0.088340
0.289877
0.802471
-0.466640
-0.753357
-0.513583
0.215848
-0.815928
0.624471
-0.260317
-0.393858
0.647881
-0.032629
-0.478178
-0.847125
0.489326
-0.920786
0.692705
0.468193
-0.377327
0.563571
0.109736
-0.246086
-0.543588
-0.098545
-0.932452
0.266513
0.032878
0.422515
0.272040
0.222439
-0.252366
0.329301
-0.793918
0.376742
-0.110616
0.290852
0.882148
-0.563126
0.185246
0.577788
0.173355
0.655384
-0.069477
-0.188580
-0.670535
-0.285071
-0.635236
-0.806245
-0.329857
0.660643
-0.098076
-0.358611
-0.029764
0.299876
0.541788
0.933222
-0.177796
0.777400
0.577804
-0.961687
-0.446067
0.013387
0.527750
-0.829698
-0.997464
0.789858
0.491421
-0.787440
0.355445
-0.416156
-0.510967
0.322264
0.292311
-0.177713
0.113077
-0.420579
0.874708
-0.763179
0.999125
-0.916144
0.353080
-0.343117
0.224448
0.262710
-0.765372
-0.755311
0.862272
0.587924
-0.690261
-0.531892
-0.790524
0.198959
-0.670734
0.926897
-0.734568
-0.682528
-0.436654
-0.161445
0.387011
0.098162
0.499068
0.650146
-0.244532
0.817826
-0.094850
0.150427
0.921872
-0.851421
0.353164
-0.964751
-0.378864
-0.959364
-0.660267
-0.902062
0.821624
-0.512986
0.753842
0.435096
0.399944
-0.261247
-0.561140
0.898039
-0.024690
0.296890
0.971075
-0.512119
-0.128942
-0.022229
-0.993831
0.553818
0.751137
-0.659622
0.021432
0.102264
-0.141683
-0.506598
0.218807
0.078156
0.302699
0.676634
-0.592456
-0.214871
0.590557
-0.141172
-0.532910
-0.611238
-0.419028
0.887163
0.870173
0.719278
-0.724745
0.162974
0.107097
0.197905
0.928791
-0.354079
-0.569565
0.773776
0.359909
-0.331687
-0.047255
-0.391415
0.845817
0.994132
0.181009
0.752146
-0.555364
0.303729
0.193529
0.791013
-0.186169
0.112352
-0.685858
0.983387
-0.154874
-0.274706
0.536078
-0.640902
-0.959491
-0.514467
-0.945231
-0.797434
-0.178135
-0.357661
0.311555
-0.500531
-0.467638
-0.849640
-0.966284
0.412350
-0.778334
0.369621
-0.008906
0.297163
0.202781
-0.421478
0.421609
-0.227524
-0.600210
-0.220179
-0.538968
0.141234
-0.963895
-0.408177
-0.900058
0.199841
-0.624079
-0.427856
0.935662
0.553933
-0.795071
0.005903
-0.215725
-0.981487
-0.510327
0.139971
0.490480
0.736563
0.368635
-0.786471
0.481316
0.954781
-0.159955
0.218941
-0.101403
0.236574
0.196313
-0.291277
0.798192
0.221082
0.500130
0.873712
-0.017740
-0.215746
0.862915
-0.784971
0.878911
0.574813
0.269894
-0.050254
0.997137
-0.317386
-0.257738
-0.321362
-0.304460
0.937369
0.363482
0.557082
-0.874801
-0.171024
-0.311168
-0.544357
0.478151
-0.140199
0.811537
0.871392
0.589532
-0.951436
-0.991463
-0.124935
-0.571089
-0.287224
-0.497308
-0.277395
0.218335
-0.513053
-0.253439
0.047101
-0.526872
0.063567
-0.980958
0.211604
-0.378410
0.633104
0.636615
0.103930
0.559754
-0.303061
0.373778
-0.026079
0.069845
0.682513
0.750442
0.402414
0.725142
-0.989793
-0.206182
0.880383
0.989824
-0.109734
0.433526
-0.426315
0.178265
0.284105
-0.785383
0.259437
-0.454308
-0.446121
0.140690
-0.469236
0.585038
0.977561
0.794994
0.859141
-0.635034
-0.766752
0.452047
0.454210
-0.505013
0.996999
-0.923396
-0.335818
0.360770
-0.591978
0.267878
-0.444092
-0.823631
0.450099
0.243598
0.702932
0.926972
-0.361707
-0.243562
0.882706
0.770404
0.480960
-0.191898
-0.844140
-0.820027
0.613635
-0.767949
0.367436
0.445554
0.253051
-0.973875
-0.376933
-0.455314
0.088962
-0.770504
0.350435
-0.239400
-0.977770
-0.276813
0.801060
-0.921030
0.834876
-0.498783
-0.341542
0.174639
0.725958
-0.858882
-0.640255
0.953672
-0.384195
-0.396046
0.378076
0.678381
0.131187
0.014578
0.085143
-0.292209
-0.170005
-0.095412
-0.531643
0.147654
0.921108
0.542219
0.997608
0.544796
0.664688
-0.042903
0.625765
-0.765177
0.847673
-0.114224
0.183683
-0.016569
-0.327416
0.116500
0.996035
-0.581062
0.422385
0.265482
-0.614165
0.211222
0.767605
0.724904
-0.996583
-0.265495
0.367544
0.837712
-0.417493
0.330592
0.469394
0.407175
0.010597
-0.945499
-0.417978
0.841804
-0.899456
-0.541686
-0.839175
0.437145
-0.392258
-0.851713
-0.928781
0.011629
-0.683795
-0.906614
-0.977684
-0.544824
-0.545780
-0.899673
-0.023436
0.527868
0.088132
-0.504023
-0.810167
0.997655
0.884525
-0.478928
0.232529
-0.519088
-0.156185
-0.682205
0.060450
0.071640
-0.663185
-0.078983
-0.806907
-0.998709
0.118111
-0.751374
-0.826506
0.097520
0.214487
-0.202188
-0.571206
-0.446274
-0.683656
-0.349746
-0.125692
-0.415784
-0.042120
0.146751
0.305975
0.098980
0.449667
-0.275385
-0.964332
0.908087
0.005552
0.540325
0.448583
-0.688848
-0.345883
0.956402
0.695901
0.634473
-0.885167
-0.484432
0.414037
-0.026539
0.718501
0.057407
-0.058467
0.823077
-0.734455
0.536524
-0.659319
0.721661
-0.538840
-0.171739
0.250606
-0.932987
-0.293870
0.531525
0.564469
-0.761329
0.885435
-0.883802
0.109387
-0.718908
0.623821
0.642868
0.834873
-0.974795
-0.655494
-0.976715
-0.543417
-0.903026
-0.167820
0.849444
0.557473
-0.124196
-0.181878
-0.322939
-0.645728
0.793846
-0.303764
0.465394
0.822903
0.356420
0.204422
-0.442302
0.920652
0.160756
-0.160227
-0.484214
0.732241
0.347421
-0.240715
0.229903
0.304084
0.601661
0.443182
0.711556
0.289363
0.165785
0.157078
0.365086
-0.676102
0.615103
0.356404
-0.075513
0.342924
0.170479
0.004755
-0.289677
-0.872570
-0.490245
-0.884971
0.420996
-0.608626
-0.023894
-0.594691
0.479989
0.085200
-0.556026
0.192207
0.882261
0.773140
0.040169
0.655926
0.560276
0.351422
-0.902584
0.471914
-0.904179
0.317219
0.697109
-0.046478
-0.823290
-0.534609
0.225717
-0.367802
-0.192026
0.746765
0.936731
0.355788
0.094540
-0.544284
-0.655792
0.857765
-0.882980
-0.287970
0.152167
0.264929
0.845146
-0.775198
0.688532
0.946686
-0.747542
0.877399
0.943738
0.719240
-0.196899
0.746174
0.664619
0.223642
0.102172
-0.257277
-0.862722
0.774162
-0.272969
0.228320
-0.671397
0.158102
0.226368
-0.827734
-0.627429
0.267384
0.561973
0.750086
0.796901
-0.949903
0.175653
-0.077241
-0.754263
0.738847
-0.982179
0.975795
0.617996
0.449347
-0.503617
-0.054373
-0.368134
-0.794743
-0.244141
0.251384
0.364738
-0.600122
0.962878
-0.084476
0.908893
0.009081
0.217066
-0.187739
0.749129
0.723387
0.194203
0.305418
0.603136
0.218282
0.345814
0.903512
0.083068
-0.167179
0.016369
0.118064
-0.222662
-0.840234
0.674629
0.521647
0.146311
0.189380
0.069728
0.164094
-0.942694
-0.027256
0.439916
0.669108
-0.052016
0.935858
-0.882503
-0.753309
-0.962412
-0.294226
-0.490440
0.833252
-0.913861
0.191360
0.141113
0.083638
-0.307367
-0.679889
0.496958
0.970932
-0.328954
-0.333847
0.169095
-0.552971
-0.299849
0.846351
-0.157228
-0.284266
-0.622590
-0.664862
0.626398
0.455616
-0.129335
0.228968
0.973133
0.274063
0.090178
0.210915
-0.398023
-0.069809
-0.731595
0.260487
-0.529891
0.794513
0.982625
0.427647
-0.537605
0.843354
0.123772
0.116001
0.013976
0.339987
-0.081447
-0.284399
0.272480
-0.936107
-0.525080
0.169192
-0.902077
-0.136211
-0.115095
-0.823007
-0.048911
-0.460122
-0.895470
0.673444
0.549397
-0.239123
-0.070331
0.705737
-0.029848
0.218245
-0.374336
-0.022544
-0.157427
0.566592
-0.383765
0.542138
-0.897684
0.956504
0.110495
0.894284
0.734943
0.621279
-0.536259
0.695071
-0.674228
-0.868534
-0.676610
-0.636379
-0.157180
-0.062625
-0.425857
-0.901679
0.433707
-0.915799
0.818052
-0.385315
0.552914
-0.510952
-0.791358
0.195364
0.120694
-0.703887
0.107280
-0.594395
-0.420948
0.229257
-0.458178
0.049917
0.233107
-0.223449
0.624833
0.249373
0.985735
-0.684519
0.269797
0.004633
-0.569585
0.195097
0.210068
0.668181
-0.030755
0.118042
0.742916
-0.358579
0.507891
-0.873261
0.376024
0.997198
0.620031
0.322259
-0.166765
0.477048
-0.276796
-0.276075
0.325818
0.285577
0.341088
0.961398
-0.565630
0.785427
0.241454
0.123156
-0.410282
0.990050
0.493866
-0.472403
0.488215
0.184367
0.056802
0.665960
-0.113657
-0.254028
0.021953
-0.518676
-0.897079
-0.089933
-0.274623
0.417786
-0.910012
0.511217
0.968879
0.225631
0.607574
-0.538806
-0.865561
-0.045868
-0.229929
-0.748598
0.006470
-0.262918
0.028627
-0.572941
0.398898
-0.858853
0.999519
0.596099
-0.648210
0.864303
0.490167
-0.723943
0.989197
0.847131
-0.389762
-0.237864
0.800559
0.279087
0.220802
0.627914
0.614370
-0.261053
0.584410
-0.230317
-0.940405
-0.509709
-0.469150
0.654208
-0.936766
-0.737506
-0.744432
0.030296
0.184277
0.694561
0.395628
-0.823048
-0.966690
0.215168
0.390139
0.865337
0.849946
-0.961635
-0.670776
0.490130
-0.723076
-0.815485
-0.281351
-0.942670
0.977289
0.325391
-0.988606
0.910981
-0.222447
0.756840
0.617000
0.539225
0.744606
-0.837695
-0.387291
-0.952278
-0.820944
0.503520
0.974281
0.864576
-0.201762
0.472486
0.624998
-0.409652
0.660648
0.986822
-0.000303
0.911573
0.392127
-0.999998
-0.483753
-0.260309
0.794842
-0.931065
-0.478846
0.004176
0.149591
0.179042
-0.538497
0.320684
0.927184
-0.455425
-0.109836
0.024396
-0.015383
-0.705209
0.337931
0.744053
0.736509
0.570274
0.510753
0.163503
-0.518715
-0.049697
0.288710
-0.074827
-0.165656
-0.304187
0.194260
0.264354
-0.113666
-0.390541
0.228847
0.899478
-0.693802
0.357401
0.841112
0.910097
0.940353
-0.607289
-0.858144
-0.440164
-0.726612
0.517967
-0.781704
0.798926
0.924202
-0.745015
0.511688
-0.057087
-0.061886
-0.852560
-0.286566
-0.136794
0.171230
-0.091788
0.473710
-0.188106
0.004868
-0.175743
0.342523
-0.533821
-0.688883
0.783472
0.960406
0.533101
-0.192114
-0.323254
-0.682515
-0.697053
0.085155
-0.509326
-0.980063
-0.726602
0.535328
0.864088
0.064810
-0.748117
0.873121
0.178445
0.780991
-0.806731
0.542688
0.549543
-0.092074
0.121294
-0.869425
-0.027431
-0.978166
-0.970496
-0.134423
0.638782
0.236294
-0.227349
0.730940
0.593331
0.116929
-0.965370
0.747578
-0.421192
-0.359626
0.915045
-0.458929
-0.316266
-0.370397
-0.611173
-0.178276
0.535644
0.508262
-0.771629
0.180396
0.011226
-0.932312
-0.934736
0.133333
0.774332
0.678181
0.572562
-0.971774
-0.057538
-0.295956
0.969616
-0.735594
-0.429976
0.263678
-0.480367
0.206782
-0.957235
0.209791
0.468699
0.589616
0.803011
-0.322349
0.011883
0.200520
-0.666859
-0.837595
-0.968900
-0.581940
-0.287594
-0.322595
-0.812901
0.448315
0.095139
-0.608321
0.097302
0.016833
-0.419804
0.249995
0.354500
0.001608
0.175430
-0.301679
-0.646404
0.086181
0.367357
-0.631038
-0.884338
0.923645
0.730541
0.959140
0.143003
0.361786
-0.872065
-0.512804
0.392874
-0.328954
-0.108081
0.354438
0.685107
0.288380
-0.336174
-0.783008
-0.838414
0.597231
-0.996508
0.835134
-0.604866
0.916307
0.686389
-0.076086
-0.012760
-0.038099
0.131043
0.603242
0.567624
0.590964
0.324537
-0.458147
-0.079701
-0.921275
0.130106
0.891330
0.223129
0.067910
0.934916
0.404785
0.384436
-0.128433
0.414067
-0.565399
0.069508
0.339356
0.208043
-0.782630
0.758733
-0.309681
0.535082
-0.761042
-0.139339
-0.666115
-0.804300
-0.802106
0.669838
0.130843
-0.037222
0.436895
0.603133
0.488261
-0.693877
-0.554159
-0.333410
-0.539016
0.681656
-0.346501
0.586727
-0.028417
-0.083102
0.196216
0.720287
0.144995
0.349492
-0.593162
0.854973
-0.074846
0.478234
0.396121
-0.691142
-0.391463
0.446366
0.486694
0.012336
0.147579
-0.838859
0.033115
-0.803742
-0.030841
-0.673619
-0.134071
-0.995189
0.064968
-0.462224
0.580365
0.128835
-0.492777
-0.097894
-0.988488
-0.646082
-0.679549
-0.132823
0.821881
0.360029
-0.696626
0.062277
0.128151
-0.848452
-0.101974
-0.405177
0.690665
0.151792
0.961622
0.924889
-0.443156
0.067567
-0.702689
0.384889
-0.134107
0.103244
-0.411574
0.990187
-0.542048
-0.885155
-0.200633
-0.248255
-0.406850
-0.678347
-0.359249
-0.869749
-0.017736
0.472144
-0.660249
-0.371476
0.609006
0.700372
0.073402
0.273417
-0.771972
-0.171448
0.056302
0.827808
-0.773573
-0.150796
-0.427706
-0.173640
0.094523
-0.984123
0.198243
-0.322238
0.241921
-0.086612
-0.086096
0.203854
0.638199
-0.806263
0.148634
-0.327872
0.316097
0.550984
0.840792
-0.156712
-0.524679
-0.945903
0.085911
-0.272976
0.534708
0.784902
0.133191
0.048316
-0.463150
-0.350831
0.046348
-0.823890
-0.438623
0.882499
-0.208148
0.064011
0.393673
-0.878321
0.207865
-0.661648
-0.056391
0.067972
-0.895990
0.430729
-0.905668
-0.598320
-0.193588
0.167258
0.287688
-0.152802
0.836094
-0.154172
0.119108
0.764527
-0.071858
0.178339
-0.833436
-0.061500
0.468660
0.398521
0.028315
0.289519
0.435183
-0.373143
0.161617
-0.773177
-0.712438
0.675857
-0.320385
-0.536623
0.230846
-0.745702
-0.125562
0.877655
0.485879
0.086965
0.752569
0.423334
-0.200663
-0.780796
0.041761
0.581228
-0.040064
0.358665
0.964645
-0.975364
-0.177641
0.101283
0.821551
-0.147267
-0.803236
0.798594
-0.185712
-0.308096
0.463248
-0.551864
-0.482360
0.364877
0.889808
0.270212
0.697555
0.645744
-0.320576
0.085888
0.007615
-0.023368
0.662753
0.056221
-0.727352
0.699476
-0.875346
-0.117124
0.982402
-0.997617
-0.946082
-0.835518
-0.778821
-0.172863
-0.290176
-0.985467
-0.556702
0.068211
-0.247916
0.365371
0.743779
-0.549085
-0.625764
0.991163
-0.072044
0.389357
0.746258
-0.905542
-0.471209
0.419631
-0.813829
-0.488587
-0.702063
-0.220298
0.687570
-0.025271
-0.600144
-0.505074
0.561348
-0.196589
0.801072
0.689576
-0.374186
0.900562
0.700411
-0.929592
-0.733546
0.270649
-0.188783
0.769922
0.084552
0.784952
0.042673
-0.913561
-0.212841
-0.738856
0.782032
-0.218966
0.525655
0.705823
0.890807
0.272202
-0.382623
0.646247
-0.624318
0.214402
0.976302
-0.038344
-0.940667
0.646241
0.975460
0.376783
0.431265
-0.520035
-0.552942
0.452631
-0.742068
0.687408
0.524430
-0.386811
-0.074911
-0.454026
0.238131
0.062853
-0.802893
0.322671
-0.011716
0.598925
-0.747863
0.964036
0.092193
-0.929769
0.670823
0.560815
-0.385242
-0.755030
-0.623576
0.555725
-0.908102
-0.416904
-0.466074
-0.116975
0.209906
-0.004815
-0.862625
0.274424
-0.375681
-0.891906
0.106688
0.528921
-0.216808
-0.736621
0.033019
-0.168580
-0.869778
-0.308389
-0.352315
0.343088
-0.441772
-0.272339
-0.336292
-0.066065
0.800774
-0.725932
0.002581
-0.624015
0.801558
-0.421455
-0.930517
0.805162
-0.275094
0.095058
0.355267
-0.348083
-0.360785
-0.524330
-0.634286
0.575591
-0.131848
0.173235
0.978523
0.948208
0.827484
-0.016440
0.405765
-0.231662
-0.079253
0.286165
0.911113
0.152652
-0.436198
0.495419
-0.449517
-0.235134
-0.042717
-0.713226
0.606499
0.513942
0.976493
-0.483887
0.404158
0.814896
-0.695348
-0.749394
0.042991
-0.564791
-0.441261
0.817511
-0.739808
0.550673
0.024150
-0.847289
-0.445668
0.624364
0.927115
0.510502
-0.232567
0.678131
-0.898489
0.506429
-0.877625
-0.757497
0.700827
0.875240
0.238301
0.616077
-0.319258
-0.408991
-0.381641
-0.942169
0.132238
0.002952
-0.757965
0.540812
0.743766
-0.577734
-0.392775
0.965360
-0.113118
0.059873
0.646817
0.559484
-0.108565
-0.445262
0.073165
-0.135950
-0.181498
-0.832622
0.885231
0.033133
0.488630
-0.234640
-0.248911
-0.822227
-0.397162
0.791117
-0.442638
-0.497695
0.230620
0.859673
-0.307731
0.576775
0.529071
-0.771706
-0.938425
0.811840
0.315240
-0.911080
0.481617
0.616837
0.883532
0.897571
0.762796
0.763379
-0.440036
0.026586
-0.522603
0.089056
-0.754021
0.631335
0.409783
-0.096432
-0.056792
-0.655367
0.757096
0.321750
0.104373
0.901887
0.317937
-0.736966
-0.032857
-0.184067
0.123972
-0.183192
0.984963
0.300920
0.284436
0.476948
0.463257
-0.667884
0.378476
0.043806
-0.832622
0.348509
0.227717
0.829499
-0.606806
0.865877
-0.270821
-0.593272
0.317384
0.104415
0.277975
0.056603
0.836043
0.265196
0.155101
0.595624
-0.045055
0.788183
-0.953694
0.852547
0.861706
-0.397127
-0.607228
0.145426
0.398900
0.905268
-0.904491
0.197921
0.897943
0.750017
0.320025
0.180403
-0.073798
0.245363
0.895557
-0.373794
0.093357
0.025118
0.788532
-0.358236
0.321232
-0.876578
-0.463682
-0.350618
-0.722551
-0.753687
0.009730
-0.051298
0.067848
0.944127
0.514100
-0.479762
0.411280
-0.326843
0.378520
0.670572
-0.465518
0.780667
-0.171519
-0.081483
0.068478
0.724258
-0.645513
0.614322
0.311660
0.687713
0.788870
0.562534
0.082115
-0.864355
-0.633420
0.541208
0.957981
0.606114
0.374033
0.077091
0.377437
-0.183529
0.514707
-0.127830
-0.030542
-0.528784
0.117148
-0.684239
0.742659
-0.791405
-0.660293
-0.366827
0.307837
0.113953
0.630311
-0.568591
0.711009
0.741889
-0.685884
0.102567
0.421361
0.003330
0.452518
0.875624
-0.540113
-0.042207
-0.739813
-0.217687
0.838838
-0.507500
0.896214
0.618843
0.154415
-0.651867
0.770379
0.858831
-0.202611
-0.740061
-0.174614
0.123119
-0.232270
0.603575
-0.164440
0.167181
0.250016
-0.353875
-0.160549
0.204080
0.917086
0.911158
0.135759
-0.023196
0.669949
-0.181634
-0.540110
0.720587
0.349543
-0.746753
0.291198
0.151525
0.344316
-0.239485
-0.856866
-0.418472
0.453901
0.941311
-0.433382
-0.232666
0.601268
0.651288
0.555596
0.680438
-0.481658
-0.300318
-0.849280
-0.493142
0.236651
0.364856
-0.570798
-0.730451
0.980287
-0.533326
0.403212
0.243179
0.550326
0.767729
-0.513994
0.501953
-0.201333
0.498231
-0.419738
0.395103
0.320236
-0.663096
0.026625
-0.889692
-0.330552
0.677900
-0.785849
0.920218
-0.307232
-0.598829
-0.649296
0.689712
0.776686
0.196802
0.199548
0.275502
-0.320624
-0.700936
-0.712980
0.921713
-0.805856
0.979425
0.944636
0.159432
-0.727945
-0.769075
0.322256
0.411298
-0.312345
-0.023147
0.922030
0.161976
0.097868
-0.196279
0.738626
-0.882558
-0.281472
-0.131562
-0.103861
0.679903
-0.637890
-0.070499
-0.346071
0.453794
0.078532
-0.228299
0.971696
-0.429458
-0.114138
0.393342
0.289514
0.304067
-0.095572
-0.456788
0.862530
-0.690986
0.874734
-0.911037
0.057353
-0.012155
0.838597
-0.399386
-0.518978
-0.349003
0.906369
0.307035
-0.285099
-0.070262
0.340820
0.119491
-0.962723
0.663985
-0.413683
0.076197
0.311121
0.699218
-0.712676
0.204415
0.355941
-0.792627
-0.338066
-0.478354
0.154762
0.331277
-0.409115
0.427270
0.763248
0.850257
-0.015822
0.602486
-0.229219
-0.478980
0.036349
-0.494520
-0.724957
-0.501028
0.636730
-0.593299
0.964356
-0.217797
-0.831125
-0.514496
0.459536
-0.656926
-0.773464
0.007993
-0.351976
0.333078
0.624306
-0.779130
-0.566108
0.922933
0.298965
0.352262
0.657688
-0.574349
-0.883180
-0.476974
0.340347
0.649994
0.448370
-0.898813
-0.500692
0.778908
0.460978
-0.300216
-0.249035
0.060053
-0.572120
-0.240525
0.257950
0.963090
-0.273692
0.342730
-0.775600
-0.342886
0.375240
0.164483
0.913823
0.391442
0.664355
0.494538
-0.985402
-0.985696
-0.580448
-0.678735
-0.343343
-0.271395
0.136896
-0.179624
-0.902145
0.268276
-0.693884
0.218151
-0.778271
-0.334996
-0.296472
-0.802816
0.614199
-0.231115
0.501654
0.310510
0.443814
0.202619
-0.473576
0.875779
-0.942465
0.404476
-0.009988
0.235094
-0.992129
-0.431797
0.704002
0.467157
-0.188909
0.383833
0.783480
-0.651335
0.339246
0.816783
-0.344723
0.844131
-0.108942
0.464521
0.488896
0.777696
0.514892
-0.924214
-0.809755
0.660137
0.135313
-0.928116
0.027916
-0.637870
-0.218209
0.882037
-0.159721
-0.851955
-0.684192
-0.679652
-0.616542
0.033340
-0.431527
-0.160592
0.799172
-0.647070
-0.217530
-0.912943
-0.968075
-0.095803
-0.040056
-0.053352
-0.695450
-0.815522
-0.320736
-0.982806
-0.134982
0.101091
-0.869736
0.472450
0.742985
0.932736
0.161647
-0.192239
0.123946
-0.483316
-0.706263
0.467095
0.447871
-0.966101
0.885615
0.828820
-0.016543
-0.428484
0.639740
-0.984482
0.352510
0.559522
0.690428
-0.629688
0.192546
-0.687576
0.673709
0.440434
0.738285
-0.253418
-0.692767
0.126249
-0.025135
-0.702021
0.116567
-0.034917
0.533874
0.374115
0.148532
-0.855326
0.911552
0.630848
-0.132869
0.539389
-0.791255
-0.811268
-0.607733
-0.030242
0.002809
-0.273776
-0.090670
-0.635848
0.802186
-0.963754
0.371878
-0.615005
-0.250058
0.350995
0.422926
0.392724
-0.411545
-0.869730
-0.359086
0.462360
0.874471
0.654566
-0.779518
-0.170063
0.642497
-0.621214
0.111977
0.337836
0.555458
0.439662
-0.626305
-0.607100
0.468794
0.371774
0.462593
-0.724631
0.823249
-0.303482
-0.009725
-0.730106
-0.316463
-0.767337
-0.736957
-0.868655
0.182616
-0.384861
0.991384
-0.115182
-0.829333
-0.738442
0.931592
0.836510
-0.790382
0.399413
-0.829000
-0.793979
0.404156
0.650848
0.344765
-0.865503
0.803904
0.467397
-0.513257
0.912557
0.270405
0.741346
-0.761593
-0.789548
0.105987
-0.975280
-0.456094
-0.841633
0.819979
0.689975
0.862028
-0.938875
0.140680
0.999470
-0.692910
-0.405291
0.084685
-0.567731
0.880542
-0.337570
0.519331
0.800522
-0.618835
0.367054
0.595158
0.922972
-0.928146
-0.841324
0.298272
0.467238
-0.767079
-0.674991
0.410953
0.072755
0.920115
-0.566208
0.632063
0.797560
-0.382065
0.154157
0.249469
0.337724
-0.923619
-0.251330
0.045491
-0.891631
-0.201273
-0.438510
0.406158
0.592676
0.740848
0.324636
0.285702
-0.509031
-0.296444
-0.794880
0.184189
-0.498490
-0.321669
0.654718
0.320733
0.521454
-0.162693
-0.040439
0.567569
0.727829
0.625961
-0.833597
-0.109508
0.264485
0.081787
-0.892832
-0.522200
0.592183
-0.594889
0.610003
0.192385
-0.126954
0.536770
0.856223
0.148626
-0.888143
-0.147429
0.135197
-0.791597
-0.386558
0.613048
-0.944175
-0.050202
-0.501493
0.161968
0.473561
0.713880
-0.301174
0.826775
-0.538870
0.876858
0.171750
-0.645847
-0.328280
0.430961
-0.288408
-0.535724
-0.572043
-0.578625
0.040566
0.453470
-0.745380
0.368784
-0.266981
0.449884
0.528622
0.253196
0.550641
0.231104
-0.742421
0.546170
0.620910
-0.717907
0.810040
0.561350
0.334920
-0.514334
-0.793476
-0.864001
-0.320781
-0.283195
-0.403781
0.732747
0.406227
0.349762
-0.141816
0.544682
-0.365570
0.798318
0.404453
0.229518
-0.363253
0.519663
-0.996459
0.144952
-0.256104
-0.673844
-0.335115
0.364795
-0.486691
0.977357
0.821703
0.086954
0.625683
0.170029
0.033619
-0.804157
-0.200040
-0.612978
-0.199370
0.515527
-0.884628
-0.376120
0.709195
-0.553327
0.500256
-0.570611
0.465865
-0.352577
0.435344
-0.435022
0.784403
-0.016567
0.212345
0.591680
0.999735
0.453715
-0.518993
-0.829014
-0.074207
0.626914
0.804298
-0.490418
-0.247370
-0.207448
-0.862684
-0.352537
-0.713023
0.549676
0.764841
0.185298
-0.170693
0.191647
-0.568998
0.689801
-0.534351
-0.322387
0.722559
-0.578261
-0.517914
-0.839669
0.660601
0.178746
-0.080983
0.910465
-0.320120
-0.319971
-0.714827
0.049665
-0.841359
-0.377935
-0.613821
-0.313105
-0.103024
0.235742
0.923275
0.117290
-0.554483
-0.355827
0.929887
-0.851853
0.524500
0.716569
0.241666
0.497480
-0.563713
0.405006
0.216064
0.210915
-0.218396
0.868130
-0.410100
-0.732647
0.467197
0.854772
-0.282070
-0.964870
0.059025
0.181979
-0.407078
-0.747052
0.300342
0.172584
0.074117
0.901340
-0.877933
-0.259012
-0.835503
0.580849
0.848228
0.877204
-0.669091
-0.571284
0.161058
0.982888
0.173585
-0.434719
-0.319388
0.687280
0.048170
0.331057
0.820239
0.039257
-0.986738
-0.302235
0.281006
-0.114775
0.604540
0.582855
-0.822530
0.865269
-0.378392
0.413397
0.901992
-0.202424
-0.422460
-0.005213
-0.458533
0.302799
-0.719090
0.041642
0.360860
-0.103908
0.256035
0.411690
0.392429
0.505049
0.328956
-0.003793
-0.580566
-0.274197
0.508912
-0.036140
0.923026
-0.452082
0.421040
0.355683
0.594926
-0.260276
-0.302738
0.485244
-0.146672
0.915864
0.995426
-0.325594
-0.033899
-0.997025
0.968198
0.650159
0.257215
0.630958
-0.967161
0.200386
-0.573358
-0.703534
-0.717558
-0.092260
0.245293
0.159594
-0.260224
-0.510320
0.813511
-0.142798
0.708418
0.765765
-0.627481
-0.141743
0.405416
-0.287024
-0.472439
0.124455
-0.607644
0.298799
0.930540
0.386544
0.548791
-0.122032
0.180622
-0.976050
0.549780
-0.882976
0.593103
-0.462636
0.986920
-0.119175
-0.177791
-0.174061
-0.322351
-0.778418
-0.714196
-0.621159
-0.844442
-0.466600
-0.646257
0.145048
-0.132100
0.238964
-0.287081
-0.474148
0.406134
0.937057
-0.317907
0.273417
-0.536343
-0.278832
-0.176913
0.269354
-0.450112
0.617945
0.448227
-0.952656
-0.200969
-0.149303
0.044294
0.000595
-0.827495
-0.365300
-0.836702
-0.950056
-0.805827
-0.682213
-0.101827
0.867000
-0.324484
0.409706
-0.193167
0.458894
0.577569
-0.701221
0.044968
0.296368
0.441873
-0.607824
-0.214932
0.379568
-0.475137
0.552228
0.320200
-0.017163
-0.877599
-0.394333
0.664212
-0.416817
0.828948
0.055164
-0.543747
0.973848
0.361687
-0.411124
0.887977
-0.553272
-0.338196
-0.860146
-0.072057
-0.109118
0.003832
-0.172329
0.639803
0.134521
0.586319
0.307599
-0.763392
-0.321977
-0.837746
0.000476
0.672876
0.734520
-0.171091
-0.976335
0.939708
-0.054471
0.234079
-0.963419
-0.854781
0.987097
-0.303639
-0.531919
-0.579570
0.543497
-0.431035
0.355671
0.511951
0.887618
-0.243147
0.556422
-0.857732
0.468929
-0.335423
-0.942644
0.885254
0.091174
-0.841366
-0.884704
0.162125
-0.914122
0.725084
-0.966866
0.937208
-0.352586
-0.458682
0.882821
-0.241564
0.355321
-0.425231
0.194656
0.600636
0.352887
-0.965726
-0.821458
-0.841749
-0.248815
0.665261
0.485335
0.771556
0.480166
-0.376325
-0.953035
0.312712
-0.647093
0.526560
-0.119765
0.407489
-0.224140
-0.357149
0.035344
0.138305
0.492331
-0.048618
0.742584
0.725363
0.134032
0.630110
-0.604651
0.724751
0.674281
-0.401920
0.883918
-0.137284
-0.122381
-0.736728
-0.191381
-0.664507
-0.393685
-0.498600
0.035334
0.571228
0.968963
-0.716387
0.405171
-0.195672
-0.284489
-0.311766
-0.106798
0.314893
0.221908
0.332776
-0.656786
0.586398
0.518783
-0.666076
0.284618
0.974323
-0.816560
0.164672
0.638044
-0.964509
0.013103
-0.321383
-0.371835
-0.250975
-0.958607
-0.962994
-0.344558
-0.139272
0.635468
0.186770
-0.434808
-0.411402
0.363046
0.912018
0.025146
0.953754
-0.508707
0.142246
0.616907
-0.422438
-0.289299
-0.748875
0.083013
0.093720
-0.990857
-0.983775
-0.685840
0.276864
-0.751741
-0.548161
0.745533
0.057538
-0.217723
-0.297977
0.739159
0.898824
0.120651
0.660398
0.434023
-0.808014
0.721589
-0.241722
0.478404
0.252479
0.322766
-0.247866
-0.339749
-0.299962
0.534763
0.083672
0.616732
0.116672
-0.131491
0.542538
-0.105797
0.688484
0.693857
0.042832
0.540161
-0.758115
0.554572
-0.552052
-0.247700
-0.422581
0.907047
-0.627202
-0.912458
0.613954
0.036032
0.231418
-0.605170
0.934852
0.973235
0.723552
-0.116366
0.359020
-0.079873
-0.310990
-0.429827
0.439280
-0.165446
-0.054427
-0.584153
0.117340
-0.411379
-0.575375
-0.615773
0.135563
0.175410
0.555315
-0.595827
0.400104
0.973080
-0.858742
0.155743
-0.815492
-0.129977
-0.310449
-0.798154
-0.332992
-0.323938
0.535950
0.023994
0.075588
0.707327
-0.875487
-0.623216
-0.739382
-0.947878
-0.920147
0.305666
-0.642951
-0.833142
-0.707647
-0.127179
0.579026
-0.395307
0.049987
-0.475298
-0.427698
0.569141
0.650953
-0.579106
-0.675916
-0.828230
-0.054520
0.284250
-0.856002
-0.992108
0.494828
-0.333570
-0.290992
-0.310356
0.019287
-0.441432
0.853176
0.231322
0.405552
-0.791905
-0.153357
0.583486
0.245556
0.110165
-0.339611
-0.295947
0.149737
-0.527798
-0.068537
0.832701
0.591308
-0.689062
-0.311978
-0.273208
0.663496
-0.935545
0.577209
0.697448
0.166139
0.193295
0.939942
0.448020
-0.935461
-0.026724
-0.354890
-0.211000
0.091298
-0.398775
-0.665184
-0.830189
-0.775252
-0.068735
-0.614214
0.294352
-0.639185
0.685299
0.275598
-0.617240
-0.823146
-0.177757
0.773089
-0.898795
0.910902
0.129419
-0.111225
0.669553
-0.401082
0.770196
0.472063
0.186286
0.005461
0.624172
0.851062
0.904784
0.054739
-0.977454
0.339803
-0.808066
0.442950
0.117709
0.094054
-0.878010
-0.044859
-0.468599
0.461153
0.013038
0.121745
-0.714431
0.009916
-0.022198
0.573731
-0.070241
-0.218203
0.346052
0.186162
0.336825
0.099891
0.923919
0.198615
0.646071
0.657540
-0.843382
-0.339636
0.254200
-0.988092
0.168750
0.869681
-0.545356
0.700624
-0.195163
-0.126370
-0.265814
-0.622343
-0.869063
-0.372216
0.170542
0.826555
-0.092344
0.804538
0.218249
0.017086
0.512884
-0.706877
0.313233
0.723099
-0.142703
-0.120512
0.517855
-0.415861
-0.729683
0.619210
-0.642899
0.053763
0.466448
0.811446
-0.412166
-0.305196
0.558293
0.378277
-0.464929
0.696782
0.881753
0.265843
0.291606
0.892726
0.448081
-0.083966
-0.553080
-0.030829
0.033876
0.248106
0.732580
0.104507
-0.867599
0.093333
-0.589137
-0.769555
0.817755
-0.534865
0.119358
-0.128696
-0.378090
-0.610471
-0.999945
-0.981804
-0.079099
0.515626
0.510302
-0.429182
0.488026
0.226365
-0.328340
0.650343
-0.722102
0.572942
-0.561526
0.351823
-0.929203
0.561943
0.744259
-0.415814
0.754950
0.778092
0.415195
0.652452
0.434014
0.237253
-0.635588
0.432216
0.130545
0.318883
-0.011066
0.044129
-0.322980
-0.325910
0.847452
0.537892
0.476759
0.452036
-0.933309
0.019068
0.727604
0.887894
-0.737774
0.474530
-0.130044
-0.371483
-0.870359
0.381143
-0.991758
0.584782
-0.572396
0.250248
0.041129
0.522970
-0.022308
-0.774753
-0.081482
0.427653
0.683085
-0.483481
-0.234896
-0.406504
0.838604
-0.122926
0.815973
-0.405991
0.251657
-0.346895
0.360121
-0.957861
0.616592
-0.943499
-0.786381
0.896223
0.913786
-0.163161
-0.884610
0.347505
0.442626
0.787119
0.183509
-0.469742
-0.708449
-0.001976
0.950610
0.515749
-0.518775
-0.261320
-0.180490
-0.706008
0.802962
0.219877
0.073308
-0.903217
0.131211
-0.525389
-0.457259
-0.218552
-0.908297
0.613705
-0.709092
-0.727727
-0.448091
0.718202
-0.439405
0.254721
0.690776
-0.897744
-0.104011
0.507904
-0.782677
0.956496
-0.387861
0.986059
-0.364018
-0.125755
-0.171757
-0.192110
0.818343
0.338965
-0.734843
0.940933
0.791230
-0.912142
0.069598
0.371667
-0.744758
0.847058
-0.714033
-0.088497
-0.267712
0.851540
0.623261
-0.116050
0.985257
0.502851
0.562531
-0.231666
-0.960833
0.289341
0.049510
-0.262898
-0.778985
0.453004
-0.508942
0.069181
0.075088
0.550904
-0.673309
0.086334
-0.952090
0.363637
-0.001909
-0.624406
0.618055
-0.309310
-0.747984
-0.845660
0.555404
0.227459
-0.376607
-0.056715
-0.558386
0.044538
0.676697
-0.655959
0.904431
-0.253984
0.204438
-0.831963
-0.310414
0.681558
0.158478
0.542873
0.865780
-0.392945
-0.794812
0.638963
0.318302
0.192387
0.946460
-0.549454
0.872371
0.773479
-0.588130
-0.787454
-0.147536
-0.785801
-0.710597
-0.010728
-0.410610
-0.147328
0.993420
0.980860
0.479305
-0.940677
-0.713263
-0.349241
0.204308
-0.515679
-0.680556
-0.451570
-0.376269
0.995263
-0.314920
0.370146
0.170969
-0.294317
-0.080900
0.396469
0.057437
-0.056515
0.308621
-0.347196
0.210842
-0.958189
-0.822075
-0.837870
0.571874
-0.747057
-0.623290
-0.767937
0.409927
-0.469196
0.359855
-0.381716
0.081288
0.780228
0.239973
-0.277302
0.817139
-0.109702
-0.352738
0.261184
-0.583670
0.347067
0.987251
0.212662
-0.796533
-0.849548
-0.517268
-0.289181
0.675823
0.354624
0.086397
-0.627723
-0.271770
-0.671248
0.835376
0.561687
-0.577808
0.463264
-0.865284
0.680269
0.328932
0.364319
0.909939
0.464133
-0.111911
0.264485
-0.012586
-0.860986
-0.884456
-0.694349
-0.329604
-0.798597
-0.952420
-0.616019
-0.109247
-0.110660
0.580552
0.283315
0.137610
0.505909
0.320098
-0.659260
-0.860684
-0.880747
-0.720506
0.457314
-0.563343
0.996524
0.071486
-0.888390
-0.170791
-0.613287
-0.306204
0.161191
0.987906
-0.375561
0.721805
0.122096
-0.060169
0.809848
-0.138799
0.033817
0.215692
-0.535072
-0.712124
-0.480294
-0.855775
-0.904990
0.748262
-0.634053
-0.589451
0.366314
-0.620967
-0.366405
0.072848
-0.527833
-0.718415
-0.399299
0.668493
0.944780
0.827790
0.489101
-0.305486
0.646710
0.992904
-0.266746
0.361107
-0.174934
0.774763
-0.190708
-0.576881
-0.120001
-0.664252
0.969574
0.253219
-0.473434
0.989046
0.332009
0.481819
-0.509409
-0.693328
-0.756644
0.362991
-0.609262
0.158583
-0.737739
-0.173206
-0.065221
-0.696288
-0.247095
0.325945
-0.482442
-0.867398
0.900879
-0.177341
-0.919179
-0.919771
0.926491
0.913434
-0.911518
-0.472357
0.208782
-0.407254
-0.922176
-0.811164
0.931607
0.116332
0.554847
-0.270876
-0.140508
0.086924
-0.556002
0.661500
-0.879975
0.802659
-0.163603
0.095415
-0.362765
-0.856634
-0.996197
0.783542
0.787220
-0.800065
0.288016
0.080748
0.060148
-0.551104
-0.994531
-0.892890
-0.353496
0.910321
0.683730
0.919001
0.233504
0.113145
-0.160356
0.813712
0.808085
-0.700226
0.424105
-0.351214
0.518845
-0.727416
0.593601
-0.079995
-0.638994
-0.503818
0.248962
0.790223
0.622276
0.816933
0.664641
0.508048
-0.327798
0.758355
-0.935369
0.205421
0.430836
0.657866
0.043842
0.901425
0.758065
-0.132858
0.795422
-0.178314
-0.929706
-0.949686
0.296079
-0.942831
-0.137813
-0.111269
0.195833
0.629431
-0.932269
-0.090328
-0.053560
0.708146
-0.590411
-0.399480
-0.371345
-0.084378
-0.438666
0.758857
0.434455
0.849710
-0.953053
-0.397311
0.217830
-0.175977
0.396498
0.785526
0.674171
0.355115
0.475410
0.126653
-0.065226
-0.496828
-0.188929
-0.064707
0.429243
0.470399
0.006765
-0.641036
-0.633768
0.010717
-0.059379
-0.655232
0.128076
-0.307703
0.312257
-0.229690
-0.797321
-0.703334
0.704160
-0.482330
0.284596
0.011046
0.566832
-0.739987
-0.939223
-0.356122
-0.929404
0.412778
0.781931
-0.000744
0.739166
0.487041
-0.093060
-0.576380
-0.521793
0.268604
-0.992764
0.139458
-0.000487
-0.601622
-0.276958
-0.183494
-0.575922
0.659312
-0.502961
-0.837998
-0.238287
-0.348652
-0.125821
-0.823503
0.013782
0.619869
0.132524
0.668111
0.319694
0.727316
0.537854
0.856900
0.340551
-0.038324
0.935364
0.108873
-0.726555
-0.660788
-0.835961
-0.498379
-0.309097
-0.938468
0.757581
-0.942857
0.400423
0.857087
-0.018838
0.158077
0.560390
0.784910
-0.090478
0.684341
0.483011
-0.290314
-0.114333
0.266700
-0.236047
-0.366933
0.962939
-0.352508
0.139767
-0.317593
0.680083
0.421769
-0.240565
-0.319263
-0.297016
-0.947232
-0.657716
-0.701085
0.705498
-0.117523
-0.127606
0.117897
-0.995258
0.568518
0.587527
-0.141468
-0.113594
-0.116625
0.397428
0.189899
-0.035139
0.061622
-0.252836
0.249573
0.313587
-0.612473
-0.622460
0.306723
-0.680450
-0.923054
-0.670503
0.024610
0.571809
0.347665
-0.487279
0.681138
0.047611
-0.302733
0.388559
0.105451
0.824878
0.823470
0.277927
-0.159218
-0.793931
0.203907
0.511306
0.221046
0.683294
-0.826798
0.856826
-0.874373
-0.682833
-0.991510
-0.273347
-0.063826
-0.424817
0.654011
-0.879198
-0.373356
-0.919483
0.277157
0.420783
-0.723377
0.239650
0.524253
0.120457
0.210643
-0.122381
0.066950
0.913391
0.800441
-0.882236
0.368018
-0.321846
0.185540
0.154323
0.294290
-0.715540
-0.535974
-0.898434
0.427608
-0.081784
0.133915
0.126869
0.191883
-0.643057
0.825289
-0.370708
-0.956727
0.629965
0.001325
0.007136
0.083501
0.708031
-0.205041
-0.365974
0.149285
0.980245
-0.938378
-0.969284
0.733336
0.970322
-0.834133
-0.491056
0.734645
0.375882
-0.161367
0.101756
-0.549356
-0.355765
-0.391956
-0.775867
0.211738
0.974424
-0.543894
0.683740
-0.762415
-0.899808
0.662691
-0.147695
-0.537492
0.500140
-0.856018
0.769000
-0.149436
-0.679973
-0.862674
0.597599
-0.030245
0.455320
0.664905
0.571626
-0.809124
-0.305089
-0.183134
-0.801157
0.278395
0.282244
-0.063414
-0.101018
-0.111490
0.189862
0.924928
-0.126623
-0.796828
-0.289288
0.983114
-0.731094
-0.320126
-0.383165
0.153097
0.395143
0.921727
0.864187
-0.964589
-0.814043
-0.936087
0.369047
0.813414
-0.816848
-0.121986
-0.996216
-0.761119
0.396852
0.296922
0.203242
0.605513
-0.834398
-0.099894
-0.921992
-0.212150
0.204653
-0.679819
0.959664
-0.613895
-0.905942
0.221078
-0.605586
0.805134
-0.153317
0.390694
0.116676
0.365127
0.394048
0.873403
0.759797
0.019345
-0.593833
-0.012970
-0.954602
0.078325
-0.707692
0.265455
0.966700
0.950842
0.368914
-0.185015
-0.866849
0.840448
0.632669
0.984659
0.333879
-0.490510
0.589202
0.275887
0.317271
-0.755642
0.401625
0.444614
0.009221
0.840223
-0.341991
-0.494563
-0.081629
-0.587718
-0.378483
-0.124646
0.403322
0.169472
-0.928643
-0.109588
0.446152
0.313856
0.402454
0.481195
0.768917
-0.724529
-0.153608
0.005338
0.985035
0.013997
0.893505
0.370273
-0.814003
-0.279904
-0.105707
-0.572573
0.628749
0.160291
-0.557815
-0.298518
0.413470
-0.954071
0.171270
-0.395343
-0.611147
-0.874424
-0.700041
-0.538403
-0.521721
-0.559972
0.546071
0.800416
-0.836945
0.236742
0.158029
0.345699
0.414428
0.319150
0.609991
0.059297
0.688997
0.719041
0.563235
0.654937
-0.435437
0.159412
-0.071006
-0.807930
0.049037
-0.469414
0.200060
-0.011428
0.841088
-0.513321
-0.191086
-0.346082
0.614518
0.990936
-0.859720
-0.807759
0.823476
-0.244730
-0.809362
0.339365
-0.844252
0.487079
0.932300
-0.033771
0.801437
-0.259226
-0.558439
0.824251
-0.297789
0.846510
0.174403
0.197150
-0.703469
0.931007
-0.655522
-0.080029
-0.491889
-0.418439
0.711739
0.294817
0.597394
-0.649180
-0.784204
0.047855
0.160860
0.001221
-0.994350
-0.048650
0.640089
0.665717
-0.719862
0.598498
0.312361
0.323574
0.301435
-0.067866
-0.122788
0.811982
-0.028271
0.392770
0.117639
0.533816
0.414336
-0.478056
0.301388
-0.111572
0.986955
-0.774529
0.742608
-0.376253
-0.574783
-0.756099
-0.138053
-0.946695
0.427940
-0.820488
0.221801
0.517320
-0.592659
0.341643
-0.625222
-0.143229
0.475978
-0.197100
-0.945556
-0.231762
-0.342322
-0.942622
0.600986
-0.216342
0.776945
-0.245091
-0.681430
-0.006167
0.756561
-0.799781
0.002051
-0.955648
0.970162
0.702556
-0.257218
-0.808869
0.455108
-0.080939
0.033599
-0.999786
0.592789
-0.492454
0.057429
-0.005345
-0.090917
-0.604391
-0.525890
-0.699222
0.136716
-0.034209
-0.386283
0.941533
-0.999899
0.166656
0.944758
0.946407
-0.961857
0.254882
-0.787051
0.193541
0.621361
0.990196
0.065091
-0.681656
-0.446486
0.230697
0.496755
0.841994
-0.659725
-0.803823
0.346671
-0.641400
0.310502
0.586681
0.956667
0.701086
0.690418
0.419963
0.782828
-0.045668
0.555467
-0.793510
0.604278
0.928901
0.955270
0.036319
-0.681406
-0.835099
0.989387
0.283923
0.499490
0.860316
-0.673748
0.128437
-0.204377
0.074704
-0.843506
0.642880
-0.716360
0.178553
-0.978586
-0.021504
-0.217237
0.900036
0.207073
0.222102
-0.137449
0.349373
0.100861
0.901227
0.725404
0.326798
-0.860436
0.924962
-0.739773
-0.975811
0.397965
0.496961
-0.218667
0.062755
0.653731
-0.170225
0.429294
0.460504
-0.302012
-0.153139
-0.092717
-0.257797
-0.547701
0.230153
-0.101956
0.986947
0.890218
-0.741318
0.667476
0.737544
0.639642
0.472422
0.761793
0.423858
-0.287573
-0.377310
-0.268760
0.280408
-0.110443
0.883015
0.083018
0.132846
-0.447885
0.154592
0.198437
0.325631
0.465489
0.977850
0.837632
0.857874
-0.705963
-0.714317
0.201940
-0.800309
-0.374279
0.115843
-0.611400
-0.794893
-0.562305
0.557168
0.892701
-0.434617
0.821189
0.883810
0.968711
0.002814
-0.100070
0.729670
0.000119
-0.561261
-0.844418
-0.519947
-0.995522
0.264798
-0.629456
0.289107
0.652434
0.000772
-0.247575
0.082831
0.707346
0.558681
-0.130483
0.783423
0.722593
0.557490
-0.262935
-0.279088
0.736380
-0.704365
0.010051
0.953885
0.653385
-0.742491
0.967516
-0.244573
-0.060547
0.600349
-0.500493
-0.932081
0.806892
-0.440811
-0.864093
0.255909
-0.217454
0.669632
-0.540955
0.191681
0.933863
0.065607
0.393798
0.612976
0.410912
-0.646276
-0.533957
0.820296
-0.204435
-0.727539
0.176243
-0.812804
0.576835
0.031445
-0.960210
0.518156
-0.266750
0.341376
-0.794075
0.113117
0.941355
0.122727
-0.012577
0.512549
0.855610
-0.372933
-0.665276
0.155473
0.409475
0.498492
-0.015708
-0.925166
-0.417667
-0.882145
0.950033
0.614063
0.104697
0.556499
0.735670
-0.494855
0.019431
-0.355489
-0.414128
-0.798520
-0.611413
0.364498
-0.044066
0.429639
-0.987920
-0.706916
0.950343
0.587885
0.583423
0.394819
0.829818
0.406711
-0.457226
0.861012
-0.593696
-0.167014
0.845098
0.043809
-0.970305
0.755102
0.265248
0.859956
-0.675719
-0.256459
0.231806
0.720016
0.768303
-0.510562
-0.962002
-0.684388
0.031544
-0.810536
-0.912963
-0.725258
0.997688
0.134610
-0.305884
0.161392
0.762755
0.855197
0.206106
0.515471
0.216741
0.220916
0.973245
-0.670152
0.167260
0.596032
-0.272176
-0.369453
0.077362
-0.402914
0.224614
-0.678352
-0.033245
0.789363
-0.493699
-0.400069
0.248828
0.045106
-0.854589
0.043560
0.276768
0.979604
0.931158
-0.686444
0.096022
-0.272372
0.692127
-0.476774
-0.808173
0.929231
-0.609190
0.296250
0.055761
-0.097932
0.886688
-0.494697
0.089704
-0.642499
-0.664642
-0.381281
-0.969352
0.084499
-0.474468
0.763463
0.034461
-0.668145
-0.188707
0.115961
0.240745
0.099975
-0.356775
0.577838
-0.524026
-0.698037
-0.486504
0.203644
-0.316931
-0.071733
0.484953
0.027038
0.366532
-0.998704
-0.165631
-0.925369
-0.417117
0.397801
-0.247183
0.725391
0.857981
0.408295
0.872230
0.664932
0.252920
-0.382261
0.173313
-0.742103
0.261317
-0.326432
-0.575034
-0.380221
-0.341083
-0.358531
0.832318
-0.929638
0.447205
0.140387
-0.587367
0.162255
0.889220
0.599796
0.384670
-0.494492
-0.039336
-0.150292
-0.185372
0.268351
-0.879536
-0.782818
-0.342744
0.763859
0.650227
-0.423771
-0.981922
-0.126030
0.173354
-0.288060
-0.487246
0.979368
-0.826835
-0.361046
0.928828
0.576162
-0.446471
0.858402
0.177022
0.787572
0.811211
0.741347
-0.174650
-0.828417
-0.880086
0.009582
-0.512355
-0.852010
-0.684462
0.311580
-0.439816
0.862987
0.219714
0.877576
0.538712
0.931813
-0.118970
-0.594744
-0.880365
0.247925
-0.845488
-0.556183
-0.977364
-0.760090
-0.955618
0.604521
0.137018
0.740093
-0.063200
-0.765554
0.188479
-0.071221
0.175472
0.389003
0.154518
0.665998
0.020759
0.877195
-0.912522
0.787406
-0.185403
-0.195078
-0.425071
0.892083
0.654367
0.728197
-0.028787
0.238012
-0.607795
-0.660154
0.228987
-0.287054
0.716657
-0.278049
0.496280
-0.826269
0.993660
-0.842677
0.111910
-0.654256
-0.916174
-0.045493
0.837372
-0.812569
0.597888
0.092009
0.695541
0.985306
0.871339
-0.736117
0.117042
0.335454
0.849162
-0.770768
-0.834688
0.085125
-0.385243
0.788106
-0.602052
-0.521385
0.451872
-0.509900
-0.822114
-0.524636
-0.961840
-0.226805
0.283619
0.581825
0.689376
-0.028976
-0.412253
-0.694399
-0.305848
0.043880
0.805537
-0.760189
-0.237908
-0.819875
0.347137
-0.774048
0.220221
-0.143244
-0.686840
-0.038361
0.083161
0.445844
0.729282
0.094965
0.037216
-0.412468
-0.319949
0.402721
-0.574251
-0.503887
0.337305
0.046405
-0.143546
0.896875
-0.304040
0.869970
0.573080
-0.192176
-0.745318
0.617176
0.026714
-0.583637
0.042019
-0.934702
-0.740549
-0.311414
-0.113416
0.785070
-0.344605
-0.008104
0.241806
0.462123
-0.505745
0.221391
0.054605
0.978512
-0.999153
-0.908718
-0.148185
0.808514
-0.743212
-0.547680
0.451552
-0.253558
-0.861745
-0.563572
0.461771
0.741279
-0.054837
0.926641
0.686374
0.004267
-0.421062
-0.568930
-0.455507
0.741666
-0.778529
-0.073275
0.647186
-0.903391
-0.715288
-0.172226
0.152940
0.563856
0.072176
0.351988
0.923866
0.701678
-0.990377
-0.699751
0.818068
-0.189800
0.975051
-0.782692
0.736664
-0.904894
-0.081822
-0.896122
0.344717
0.118512
0.880236
-0.166413
-0.725263
0.614749
-0.233898
0.493588
0.289833
0.362457
0.244482
-0.773869
0.683154
0.879986
0.569495
0.630797
-0.789421
-0.060736
-0.734295
-0.801771
-0.859283
-0.776965
0.090088
-0.991934
-0.557588
-0.608036
0.581655
0.384368
-0.209434
-0.195064
0.080647
-0.832462
0.114230
-0.236720
-0.570729
-0.055469
0.025779
0.710142
-0.227266
-0.800051
-0.136421
-0.492343
-0.126792
-0.698396
-0.723503
0.545042
0.465704
-0.444302
0.063078
-0.488059
0.331204
-0.617888
-0.450518
-0.720990
0.525332
-0.743168
-0.573215
0.211931
-0.839416
-0.551585
-0.779797
0.360760
0.314524
-0.996957
0.818779
0.085946
0.542350
-0.020297
0.141334
0.503110
-0.259162
0.669318
0.076941
-0.452446
-0.082381
-0.341329
0.836849
0.740260
-0.469247
0.604501
-0.274578
-0.184143
0.149970
0.478924
-0.429444
-0.637795
-0.220489
-0.627098
0.864809
-0.362798
0.319726
0.135493
-0.519302
0.458182
0.088749
-0.602213
0.705700
0.460002
-0.131393
-0.931666
-0.714807
0.874321
0.053198
-0.599421
-0.018350
0.269916
0.616492
0.977968
-0.261517
0.707626
-0.403082
-0.393594
0.109086
-0.327365
0.096406
-0.344020
0.053209
-0.163442
-0.552896
0.264287
-0.833309
-0.832959
-0.021133
-0.942395
-0.765946
0.662641
-0.899304
-0.525878
-0.967848
0.436397
-0.836908
0.811728
0.456585
-0.594428
-0.962750
-0.922800
-0.020456
0.714133
0.893087
0.192919
0.702634
-0.877900
0.228646
0.928080
-0.872557
-0.018410
0.855068
0.347822
0.301829
-0.623670
-0.545216
0.201647
-0.681367
0.738981
0.241467
0.369527
0.529393
-0.729350
-0.428491
-0.596796
-0.707627
-0.057520
-0.306569
0.549586
-0.176835
0.421672
0.507526
-0.701070
-0.888375
0.336129
-0.027618
-0.922852
0.604377
0.578685
-0.366775
-0.081609
-0.155630
-0.891024
0.486918
0.976346
-0.048400
-0.557120
0.920115
0.270631
-0.496978
-0.738682
-0.809627
0.519698
-0.022063
0.963250
0.933597
0.566173
-0.381871
-0.737901
-0.876670
0.266026
-0.337025
-0.109022
-0.325560
-0.494491
-0.375253
0.916852
0.558877
0.505971
-0.409848
0.076033
0.279402
0.736092
-0.574001
0.091457
-0.619695
-0.919238
-0.206537
0.843859
-0.512374
-0.660286
0.637795
0.565120
-0.958356
0.550142
-0.312638
0.972564
0.781255
0.577675
0.575225
0.434707
0.565596
0.120465
0.365586
-0.230651
-0.317569
0.586801
-0.828892
0.497989
-0.908137
0.005574
0.402952
0.654797
0.641315
0.687513
-0.068122
-0.904922
-0.098363
-0.682559
-0.597213
0.395907
0.142244
0.839309
0.609390
-0.665837
0.517037
0.226250
0.770749
-0.398737
-0.503756
0.022812
0.815978
0.838434
-0.856824
-0.719657
-0.472910
-0.124824
0.283365
0.778243
0.411564
-0.977003
-0.192406
0.066464
0.813941
-0.639830
-0.085702
0.603196
-0.445891
0.845874
-0.787088
-0.196198
-0.911941
0.235752
0.787791
-0.521986
-0.014016
-0.147511
0.308221
-0.092850
-0.193305
-0.471962
-0.114773
0.310176
-0.503938
0.915737
-0.108432
-0.192989
-0.865290
0.370779
-0.086508
0.631297
-0.969178
-0.355977
-0.935483
-0.268292
-0.373458
0.296055
0.433694
0.986354
0.368394
-0.792171
0.950290
-0.743263
-0.315532
-0.243223
0.215309
0.810890
0.632053
-0.510748
-0.913706
-0.205040
-0.653183
-0.586672
-0.158088
-0.121051
-0.013120
0.796209
0.503294
-0.400382
-0.836438
0.693592
-0.975468
-0.139924
-0.404785
0.608953
-0.882258
-0.904764
-0.500833
0.160594
-0.497243
-0.923912
0.497800
0.730999
-0.383583
0.381455
-0.752469
-0.943518
-0.872838
0.676481
0.855248
-0.993101
-0.676099
-0.348615
-0.556355
0.519775
0.788160
0.371440
-0.028497
-0.422064
-0.598705
0.822847
0.846909
-0.837727
0.811943
-0.814777
-0.391861
0.148893
-0.137768
0.207793
-0.050187
0.663066
0.328961
0.046925
0.433697
-0.435813
0.550931
-0.049552
-0.522529
0.632710
-0.148162
-0.704890
-0.281344
-0.111992
0.778341
-0.012003
-0.128942
-0.067827
-0.148146
-0.546113
0.878908
-0.656475
0.970753
0.285341
0.143229
-0.504594
-0.547054
0.784704
0.110377
-0.993799
-0.005297
-0.901443
-0.794674
-0.700939
0.034556
-0.641320
0.049566
0.278739
0.074207
-0.685863
0.767693
0.176909
-0.799382
-0.903975
0.670857
-0.197660
-0.372842
-0.554374
0.528481
0.074842
0.670193
-0.530723
0.015120
0.623918
-0.879425
0.089217
0.508379
0.117005
0.911678
-0.339974
0.309277
0.182821
-0.475670
0.526400
0.565405
0.172214
0.438373
-0.084535
-0.522820
-0.218783
0.145196
0.986982
-0.948053
0.708241
-0.781615
-0.579872
0.449882
0.208604
0.905544
0.427214
-0.660673
-0.072845
0.002140
0.908560
0.002647
0.298033
-0.803687
0.846246
0.325912
-0.159258
0.971705
0.243543
0.309871
-0.534131
-0.037528
-0.589714
0.849734
-0.311755
0.787044
-0.311446
0.127906
-0.075906
-0.803814
0.868429
0.268705
0.862396
-0.929798
0.403815
0.486891
-0.522621
0.283231
0.892347
-0.953317
-0.766169
-0.033137
0.259662
0.725319
-0.999414
-0.739783
0.898333
0.442629
-0.686150
-0.826965
0.262661
-0.240618
-0.733508
-0.602363
0.134603
0.741554
-0.067030
-0.708397
0.645308
0.334134
0.334587
0.983765
0.644016
-0.193075
-0.650881
0.652561
0.190557
-0.019702
-0.836571
-0.408754
0.062835
0.760423
-0.281388
0.718078
-0.759245
0.466899
-0.204043
0.691371
-0.266203
0.858436
-0.317044
0.189159
0.151703
-0.552910
-0.115385
-0.622258
-0.313831
0.557408
-0.973036
-0.570988
0.561002
0.754310
-0.413943
-0.065825
0.976055
0.390325
-0.559808
-0.067176
0.369338
0.132587
-0.576074
0.965149
-0.541041
0.557033
-0.738013
-0.291676
0.958733
-0.390594
0.207198
0.356008
-0.245654
-0.209871
-0.140953
-0.602568
-0.849669
0.784788
0.211829
-0.534369
-0.709534
0.587728
0.186648
-0.710231
0.702303
0.706191
0.504478
0.863604
-0.567944
-0.824695
-0.645020
-0.123185
0.048299
-0.405339
0.411463
0.722589
0.755968
-0.854451
0.461797
0.779544
-0.867313
-0.922662
-0.563013
-0.907690
0.270001
0.079690
-0.320962
0.760442
0.196597
-0.752051
-0.069686
-0.389656
-0.465824
-0.262092
-0.048913
-0.321486
0.406222
0.903994
0.091735
0.670935
-0.371860
0.592654
-0.395567
-0.297714
-0.688324
0.668680
-0.206925
0.997055
-0.085654
0.121598
-0.284061
-0.753663
0.468979
0.818480
-0.314804
0.214676
0.654517
-0.293485
-0.327789
0.816645
-0.545200
0.283376
-0.531167
0.204738
-0.646592
-0.575260
-0.100888
-0.194358
-0.599428
0.859732
0.926293
0.545232
-0.445547
0.315304
0.862846
0.643357
0.727499
-0.566244
-0.021381
-0.658738
-0.489269
0.707535
-0.344192
0.917411
0.898941
0.241052
0.433124
0.735916
0.325652
-0.462129
0.700085
-0.548006
0.719845
0.051394
-0.954630
-0.320523
-0.763358
0.853221
-0.996849
0.059111
0.130544
-0.287816
-0.923608
0.380762
-0.972723
0.602370
0.065086
-0.575613
-0.834001
0.206002
0.933244
-0.646104
-0.929809
0.885961
-0.551197
-0.223214
-0.221100
0.749704
0.438277
0.085646
0.498818
0.109762
0.769253
-0.623630
-0.366303
-0.523214
-0.959437
0.304923
-0.962532
-0.032293
0.937054
-0.136429
-0.491987
0.801217
0.858392
-0.461082
0.766086
-0.385384
-0.106905
-0.480408
0.344557
-0.335289
-0.425764
-0.144859
-0.534613
0.188729
0.684444
-0.043217
-0.325183
0.097765
-0.471895
-0.561284
0.872465
0.857520
0.072098
-0.569451
0.990871
-0.581555
0.338210
0.503963
0.508164
-0.985849
0.039012
0.033283
-0.630644
0.033514
0.762051
0.968278
0.297918
-0.756587
0.340188
-0.496518
-0.761084
-0.952817
-0.217804
0.279455
0.922178
0.645295
-0.057666
0.810050
0.191958
-0.474211
-0.597625
-0.897513
-0.728871
-0.818605
-0.456436
0.045920
-0.115655
-0.641076
-0.213489
0.388928
0.344160
0.003296
0.207472
0.124713
0.176613
-0.611329
-0.225362
0.988333
0.231149
-0.671321
0.236508
0.043066
0.549255
0.837257
-0.251551
-0.613144
-0.332115
0.513205
0.302272
0.709305
0.804790
0.461244
0.828793
0.287821
-0.566270
0.565846
0.845392
-0.505566
0.454458
-0.550515
-0.326004
0.176190
-0.379981
-0.859041
-0.453603
0.297507
0.945010
0.239189
0.904457
-0.714412
0.792381
0.575442
-0.623548
0.786183
0.786951
-0.647478
-0.191176
0.137219
-0.763777
-0.284615
-0.591982
-0.908589
0.334313
0.764119
-0.167537
0.095726
-0.890604
0.608086
0.284232
0.903748
-0.940843
0.472683
0.846686
0.026636
-0.792390
-0.942763
0.595850
-0.513389
0.243415
-0.128574
-0.265258
0.979477
-0.699835
-0.752497
0.194024
-0.279595
0.944061
0.826870
-0.295547
0.813637
-0.996768
0.954652
0.801512
0.425878
0.911570
0.516011
-0.783160
0.810565
-0.418514
-0.796623
-0.555140
-0.640464
0.199527
-0.832819
-0.845185
0.767916
-0.244877
-0.553316
0.533357
-0.410100
0.358460
0.101293
-0.188590
0.570229
0.836042
0.992894
0.283428
-0.536412
-0.165326
0.853153
-0.820736
0.368491
0.199023
0.514117
-0.630103
0.122956
0.986191
-0.105166
0.975203
-0.164151
-0.625810
-0.765200
0.632030
0.874372
0.016919
0.746129
0.707716
0.227415
-0.077588
-0.887319
0.365412
-0.584404
0.064890
-0.714712
-0.798072
0.477990
0.457649
-0.610388
0.136052
0.416318
0.033402
0.671876
-0.425071
-0.139216
0.673582
0.480592
-0.792640
0.714428
0.172009
0.144237
-0.871045
0.358268
0.952468
0.822078
-0.165962
-0.878628
-0.121559
0.718265
0.224616
0.947862
0.331142
-0.680530
0.891681
-0.608342
0.106274
0.629579
0.893873
0.384326
0.192998
-0.420099
-0.685481
0.768155
-0.773215
0.939027
-0.599607
-0.629514
0.765006
-0.550590
-0.257906
-0.686203
-0.754841
0.231258
-0.455683
0.981788
0.746004
-0.057025
-0.437766
-0.031930
0.965109
-0.647636
-0.521888
-0.338678
-0.932633
0.134034
0.349380
0.403211
-0.677364
0.760249
-0.605482
0.087181
-0.249268
0.910428
0.763689
0.111616
0.458962
-0.682398
0.110556
-0.337727
-0.052903
0.260222
0.472645
-0.178435
0.968652
-0.451433
0.592269
-0.430584
-0.665748
-0.961103
-0.427186
-0.677114
-0.261923
-0.154372
0.796194
0.319252
-0.997694
-0.141972
0.025998
-0.281283
-0.444575
-0.870066
0.023402
-0.566149
-0.076131
0.706369
-0.825075
-0.731755
-0.671225
-0.877399
0.855134
-0.499496
-0.591821
-0.799038
0.627465
0.555766
-0.018728
-0.401269
-0.123096
0.572383
0.805338
0.944779
-0.371683
0.482513
-0.838175
-0.131274
0.849612
0.634994
0.389018
-0.250722
0.741085
0.038191
-0.614791
-0.616587
-0.143401
-0.402205
-0.908351
-0.081833
-0.659114
-0.592020
-0.139688
0.269033
-0.136422
0.985712
0.305813
0.856374
0.132279
0.236747
-0.197182
-0.231306
-0.232292
-0.138607
-0.916060
-0.626233
0.103629
0.749240
0.737581
0.894918
0.446143
-0.027655
-0.634076
-0.555161
-0.499081
0.342797
0.903693
0.360120
-0.479474
-0.470071
0.758278
-0.794651
-0.977784
0.373585
0.594321
0.278527
0.713272
0.881321
-0.525817
0.098502
-0.597079
-0.311121
-0.565554
0.213189
0.136001
0.595117
-0.576281
-0.622742
0.854667
-0.029238
0.912814
-0.771411
-0.657672
-0.333903
-0.202893
0.433926
-0.614421
0.385897
-0.798851
0.378285
-0.009715
0.893635
-0.678980
-0.166794
-0.997516
0.504834
0.225226
-0.426341
-0.362267
0.687188
-0.790779
0.715085
0.038271
0.520370
-0.178717
-0.875772
0.748108
0.157486
0.482231
0.531738
0.565665
0.856718
-0.236039
-0.437008
-0.740652
-0.326804
-0.132066
-0.865388
-0.801833
0.837994
0.392364
0.433182
-0.924056
-0.576841
-0.296068
-0.926437
-0.609397
-0.128703
-0.877705
0.018676
0.866101
0.790687
-0.894309
-0.744041
0.847257
0.591987
0.451145
0.178432
0.589646
-0.132241
-0.148316
0.284317
0.438272
-0.574597
-0.111510
0.909746
-0.380526
-0.193083
0.465390
0.893527
-0.996221
0.895688
0.397587
-0.606688
-0.486872
0.384905
0.374220
0.745488
-0.973845
0.240688
0.308280
-0.894098
-0.829589
0.414956
-0.491761
0.437526
-0.370893
-0.149514
0.509377
0.902984
-0.754663
0.165216
0.750585
-0.481634
-0.339069
-0.264617
0.890939
-0.863610
-0.195777
0.331149
0.966696
-0.212964
-0.255750
-0.176147
0.582904
-0.910080
0.852609
-0.358311
0.645197
0.361090
-0.386887
0.506713
0.875536
-0.495750
0.339302
0.268609
0.978334
-0.407299
0.504983
-0.746364
-0.903573
0.838024
0.673416
-0.420285
-0.568531
-0.482749
0.298297
-0.723769
-0.090073
-0.850776
-0.068082
0.389548
-0.422106
-0.354952
0.100171
0.855133
0.018440
0.899541
-0.135164
-0.906630
0.148392
0.326999
-0.519351
0.890037
0.789583
-0.124333
-0.967568
-0.923377
0.597362
0.277196
0.903720
-0.818025
-0.874455
0.105489
0.409144
0.087366
-0.707563
0.821348
0.478354
-0.738399
0.114084
-0.646628
0.503191
0.704463
-0.742008
0.846253
-0.592367
0.317216
-0.717942
-0.382965
0.361213
0.962490
-0.383684
0.950478
-0.333589
0.901791
0.411263
-0.015984
0.497151
0.083468
0.974204
0.169432
-0.142245
0.522675
-0.543085
-0.449742
-0.550074
0.156305
0.701923
0.374345
0.682910
-0.075347
0.365229
0.627561
-0.574556
-0.606238
0.530908
-0.619375
0.962452
-0.168459
-0.787566
-0.690645
0.576721
0.732068
-0.876026
0.573495
0.620026
-0.207760
0.529158
-0.073588
-0.565390
-0.787414
0.665819
0.189476
0.800558
-0.549154
-0.098775
0.036115
-0.311847
-0.442251
-0.983168
0.403319
-0.059898
-0.705651
0.412722
0.623489
0.171118
-0.105960
-0.620616
0.978255
-0.074522
0.950135
0.491349
0.125740
-0.452969
-0.394610
-0.638890
-0.545638
-0.161160
-0.490351
0.892679
0.995891
-0.869481
0.955036
-0.256242
0.178236
0.132141
-0.987172
-0.206662
-0.026581
0.984205
-0.245888
0.640094
-0.988317
-0.082428
0.104071
-0.681393
0.303919
-0.127422
-0.319766
-0.348724
0.045372
-0.690654
-0.471964
-0.310881
-0.637174
-0.513079
-0.032268
0.064315
0.539031
-0.740999
0.413285
-0.292147
0.676861
0.005464
0.621432
-0.116288
-0.372551
0.572894
0.081374
-0.250680
-0.543498
0.926313
-0.969730
-0.172450
0.372229
-0.507396
-0.194130
0.111740
0.983853
0.938544
-0.317034
-0.795475
-0.467840
0.074890
0.013904
0.851079
-0.500066
-0.256610
-0.385208
-0.747409
-0.434461
0.416050
0.021625
0.580359
0.459510
0.639265
-0.565547
0.921669
-0.739894
0.556167
0.824869
0.087382
0.815528
-0.150227
0.532839
-0.717210
0.647069
-0.376757
-0.507089
0.634885
-0.395409
0.360643
-0.567398
-0.149097
-0.937247
-0.156852
-0.915473
-0.360285
-0.224903
-0.848217
-0.664024
0.009575
-0.421185
0.877911
0.133673
0.594152
-0.861219
-0.760951
0.061475
0.656910
0.856719
-0.516269
-0.680737
0.705102
0.768837
-0.872027
-0.183139
0.687068
0.342729
-0.946873
0.605256
0.829048
0.241624
-0.640856
-0.871437
-0.864045
0.614342
0.679022
0.704983
-0.242521
-0.926683
-0.444284
-0.792478
-0.012159
0.549756
-0.310261
0.515167
0.086111
-0.870144
-0.751984
0.466607
-0.505526
0.974304
-0.396515
0.682163
0.346060
0.652702
-0.391025
-0.627143
-0.127410
0.001827
-0.359830
0.915397
-0.887649
0.827785
0.317824
0.044751
0.245087
-0.336177
-0.816417
0.839541
0.836450
-0.393215
-0.864402
0.038532
-0.657286
-0.010249
0.257517
0.674979
0.127038
-0.721793
-0.555149
0.715026
0.228292
0.989826
-0.553973
-0.406842
0.562054
-0.654284
0.649437
0.134885
-0.984258
-0.040776
-0.915317
-0.187848
0.906338
0.477052
0.377980
-0.645589
0.050831
-0.409553
0.391031
-0.374099
0.009046
-0.454138
0.589306
-0.598064
-0.088232
-0.355018
0.764994
-0.046342
-0.609177
0.702759
0.203696
-0.487197
0.141033
0.324172
0.216656
-0.241072
0.916695
0.892233
0.645199
0.321076
0.374378
-0.386722
-0.702942
-0.415922
-0.029025
0.094873
-0.548531
0.596560
0.343946
0.360919
-0.564355
0.529345
0.051529
-0.753606
0.160551
0.111285
-0.421935
-0.520368
0.542349
0.902102
-0.142384
-0.256188
-0.729616
0.182631
-0.925189
-0.440714
0.307379
0.266683
-0.746560
-0.680862
0.517495
0.353798
0.884674
0.276707
0.573989
-0.734013
-0.973937
0.358743
0.582795
-0.483951
0.266273
-0.709852
0.237073
0.170296
0.754979
-0.676022
-0.956438
0.480169
-0.244444
0.169254
0.154232
0.332402
0.204106
-0.575346
0.723800
0.693744
-0.555744
0.310725
0.499747
-0.976299
0.129650
0.680177
0.958268
-0.327685
-0.406776
-0.161938
0.607501
0.410088
-0.353498
-0.398234
0.878624
-0.965116
0.691164
-0.383813
0.293377
0.026812
-0.368383
0.582989
-0.229455
-0.661847
-0.347229
0.313691
-0.258302
0.273893
-0.576585
0.941479
-0.010377
0.180138
0.391576
-0.449659
0.346552
0.936734
0.785166
0.176810
-0.980462
0.280734
0.774477
0.989894
-0.958086
-0.230498
0.766332
0.543279
-0.848540
0.435389
-0.626395
-0.252388
-0.318155
0.121910
0.353415
-0.613275
0.639795
-0.779676
0.592079
0.199724
0.723326
0.302199
0.024189
-0.658040
-0.786078
-0.364043
0.286382
0.617944
-0.462857
0.173820
-0.848946
0.784672
-0.768807
-0.047346
-0.543165
-0.741475
-0.751507
-0.426586
-0.946069
0.521940
0.657630
-0.099504
-0.736979
-0.504418
0.528202
-0.986666
0.751176
-0.087013
-0.744767
0.706074
0.821718
-0.766671
0.249235
0.769252
0.806073
0.840528
0.308885
-0.560627
0.981135
0.891802
0.691556
-0.445748
-0.044939
0.361428
0.305614
0.392652
-0.008972
0.084353
-0.781442
-0.572570
0.448141
0.625852
-0.903358
0.931056
0.747993
-0.485895
-0.443263
0.186796
0.712439
-0.386613
0.895981
-0.043100
-0.805828
0.392368
0.176307
-0.606912
0.531272
-0.062404
-0.042777
0.184935
0.867912
-0.385530
-0.288908
0.385452
-0.071466
-0.332692
0.249624
0.814592
0.349119
-0.271624
0.282172
0.813719
0.391963
0.458287
-0.907983
0.767297
0.758590
-0.819429
-0.040583
0.196321
0.974141
-0.394315
-0.352931
-0.749630
0.449786
0.844018
0.478524
-0.872245
0.793400
-0.138942
-0.970681
-0.817826
0.650834
-0.467141
-0.526126
-0.692592
-0.549942
0.240518
-0.052441
0.666267
-0.572617
0.991474
0.625560
-0.754601
-0.953297
-0.876108
-0.593135
-0.586970
-0.597378
-0.127843
0.157263
-0.432656
-0.207220
0.246756
-0.976846
0.227652
0.086976
0.455905
0.265166
-0.303774
-0.025722
0.157508
0.801973
0.563822
-0.450291
0.027979
-0.208819
-0.646749
0.371152
-0.271674
0.430870
0.560055
-0.297127
0.959140
0.790947
0.692957
-0.361890
-0.742342
0.378866
0.262222
0.835511
0.177680
-0.945041
-0.194874
0.428130
0.879240
0.318317
0.019335
0.242424
0.748966
-0.714526
0.145230
0.162887
-0.062320
-0.375971
0.751791
0.294121
-0.613921
-0.651127
-0.415183
0.862953
-0.169801
0.510073
-0.836426
-0.753887
-0.942451
-0.359035
0.962108
0.897858
-0.825915
0.358700
0.843866
0.775465
-0.344927
0.415408
0.979781
-0.244035
-0.297080
0.187951
-0.512300
-0.392990
0.911690
0.502180
0.874062
-0.862434
0.144309
0.593347
0.520672
0.135741
-0.035424
0.384653
0.834378
-0.597591
0.839772
-0.916370
0.148712
-0.982601
-0.697066
0.309510
0.814829
-0.655020
0.042180
0.856517
-0.175475
-0.765343
0.668965
-0.556848
0.895389
-0.710529
0.340674
-0.595636
0.572937
0.635701
0.180701
-0.213073
0.883300
0.609533
-0.239235
-0.602636
0.156825
0.384209
-0.120481
0.437035
0.821968
-0.076231
0.823506
0.935876
-0.504112
-0.957303
0.881558
0.909820
0.070486
-0.124416
-0.729756
0.427855
0.673942
-0.820350
0.292376
-0.296911
-0.380096
0.800933
-0.927638
-0.918202
0.683496
-0.467134
0.927961
0.664593
0.291987
0.386710
0.128371
-0.694067
0.237885
-0.277688
-0.566878
0.308878
-0.262924
0.028801
-0.222412
-0.438370
-0.568470
0.056298
-0.320063
-0.818062
0.885725
-0.269876
-0.896193
-0.482758
0.831595
0.986786
-0.603267
0.615409
-0.613223
-0.586407
-0.366291
-0.121774
0.116275
-0.177657
0.788689
-0.692290
0.684334
0.200139
-0.391740
0.480592
0.932042
-0.923984
0.894600
-0.454467
-0.465138
0.026362
-0.828472
-0.658947
0.792395
-0.599011
-0.246924
0.702971
-0.222865
0.580327
0.252135
0.194746
-0.955760
-0.658412
0.004677
0.243248
0.757646
0.610111
0.653745
-0.041825
-0.578576
0.138548
0.136650
0.606928
0.370603
0.965083
0.845565
0.424754
-0.964471
-0.244822
-0.749649
0.424940
0.857844
0.301711
-0.502008
-0.649411
-0.728939
-0.450465
-0.934953
-0.228891
-0.775656
-0.499900
0.058847
0.727355
-0.449976
-0.143146
-0.549926
-0.164183
0.485460
0.460376
-0.085790
-0.996722
-0.209840
0.892852
-0.976496
-0.922614
-0.961689
-0.862885
0.269174
0.743728
-0.307161
0.598494
0.013145
0.143136
0.634498
0.722797
-0.887633
-0.508839
-0.874925
-0.395494
0.533615
0.231631
0.647556
0.583188
0.825745
-0.051958
0.053009
0.294641
0.938842
-0.255828
-0.450953
-0.461802
0.133974
0.034306
0.474607
0.124724
0.097546
-0.196385
-0.371099
-0.048967
0.764115
-0.519761
-0.233304
0.108915
-0.635205
0.568685
-0.892560
0.267613
0.721256
-0.355669
0.540350
-0.573448
0.925960
0.934559
0.512868
0.636650
0.388595
-0.961983
-0.053454
-0.340772
0.282896
-0.943697
-0.641526
-0.310761
-0.984939
0.602116
-0.965820
0.732920
-0.714209
-0.106500
0.228540
0.058927
-0.968604
0.027341
0.168732
-0.472361
-0.295500

